st_teff,st_rad,st_met
5400.0,1.09539,
5094.0,0.87,0.16
3270.0,0.2105,
5763.0,1.086,0.05
4840.0,1.05,0.06
3240.0,0.27,
5945.0,1.39,0.1
5526.0,0.89,
3726.0,0.454,-0.16
6238.0,1.054,-0.4
5805.0,0.9573,0.075
,,
5523.0,1.029,
3732.0,0.509,0.02
4255.0,0.58,-0.32
6240.0,1.025,-0.38
6099.0,1.171,
5620.0,0.855,
5112.0,0.726,-0.2
6314.0,1.05,
3582.0,0.458,0.18
5271.0,0.974,-0.02
5552.0,1.137,0.38
,,
5132.0,0.88,
5674.0,0.82,0.05
4730.0,0.72,-0.02
5825.0,1.49,0.02
5211.0,0.895,0.08
6277.0,1.18,
5756.0,1.93,
5570.0,0.904,-0.08
5202.0,0.811,0.14
5221.0,1.17,
,1.38,
5027.0,0.707,-0.07
5440.0,0.814,
5575.0,0.98,0.17
6157.0,1.086,
4043.0,0.6,-0.11
5252.0,0.828268,0.05
5475.0,0.818,-0.46
5075.0,0.769,-0.02
6090.0,1.275,
5676.0,0.944,-0.03
4850.0,0.773,-0.04
5942.0,1.142,-0.04
5950.0,1.17,
5870.0,0.867,-0.2
5921.0,1.045,-0.26
4735.0,0.653,
5880.0,0.917,-0.06
5070.0,0.85,0.12
5637.0,1.047599,0.29
5959.0,0.959588,
5565.0,0.802,-0.2
6008.0,1.003,-0.14
5556.0,1.022,0.41
6670.0,1.908,0.09
6243.0,1.02,
,1.378,
5949.0,0.962,0.0
4769.0,0.742,0.0
5353.54,0.922087,
6086.0,1.216,-0.16
5812.0,0.838,-0.28
3862.0,0.5,
4752.0,0.765,0.14
5830.0,1.657,0.0
5755.0,1.362,
4340.0,0.55,-0.57
5860.88,1.90361,-0.029
5149.0,1.014,
5614.0,0.827,-0.14
3300.0,0.235,-0.03
5541.0,0.971,0.14
5741.0,0.946,0.12
3810.0,0.52,-0.02
4800.0,0.89,0.0
6194.0,1.314,-0.04
5201.0,0.834,0.36
5438.0,0.939,
4349.0,0.598075,-0.33
5557.0,0.75,-0.4
3894.0,0.5,-0.28
6042.0,1.211,
5839.0,0.965,0.09
5329.0,0.775,
6120.0,2.0,0.02
5917.0,1.269,
3821.0,0.595,0.3
5089.0,1.945,0.12
5464.0,0.83,0.04
5944.0,0.99,
6330.0,1.07,
5288.0,0.74,-0.24
6007.0,1.42,0.07
5614.0,0.827,-0.14
6210.0,1.054,-0.18
5788.0,0.848,-0.34
6274.0,1.925,0.119
,,
6261.0,1.39,0.24
5456.0,0.943,0.14
5480.0,0.865,-0.04
6142.0,1.87,
6455.0,1.496,-0.36
6038.0,0.922,-0.22
5751.0,1.43,
5189.0,0.765,-0.06
5154.0,0.85,
5806.0,0.899,-0.04
5559.0,0.856,-0.25
4156.0,0.63,
6133.0,1.335,
5350.0,0.83,-0.03
5889.0,0.924,-0.16
6217.0,1.247,-0.32
5705.0,1.14,0.0
5455.0,0.975,0.35
6134.0,1.367,0.228
5779.0,0.974,0.14
5583.6,1.45,
5294.0,0.761,-0.16
4919.0,0.721,-0.24
5465.0,0.925,0.02
5152.0,0.82,-0.09
5575.0,0.932,0.36
5108.0,0.743,-0.1
3824.0,0.51,-0.14
5735.0,0.854,-0.14
5364.0,0.81,
5244.0,0.888,0.02
3600.0,0.568,0.2
4775.0,0.789877,
6347.0,1.373,-0.32
5070.0,0.9,0.28
4719.0,0.502,-1.7
5552.0,0.81,
,0.845,
5599.0,1.083,-0.11
5990.0,1.75,0.05
5096.0,0.785,0.14
5106.0,0.803,-0.08
6202.0,1.29,0.05
5946.0,1.239,-0.257
5999.0,1.55859,
5800.0,1.905,0.13
5413.0,0.742,
6080.0,2.206,0.22
6025.8,1.76095,
4821.0,0.788,0.16
4116.0,0.675624,
5467.0,0.856,-0.14
5303.0,0.828,0.18
4953.9,0.76,
5853.0,0.991,
4665.0,0.685,-0.01
4500.0,0.646,-0.02
6008.0,1.003,-0.14
5686.0,0.95,
5636.0,1.4286,0.148
3744.0,0.547,
5984.0,0.906,-0.2
3542.0,0.406,-0.17
,0.938,
6092.0,0.943,-0.22
5434.0,0.77,
4340.0,0.602,-0.26
6007.0,0.961,-0.24
5917.0,1.269,
4503.0,0.676,
5906.0,0.85,-0.76
5290.0,0.746,-0.22
5900.0,1.694,0.0
6351.0,1.62,
5716.0,0.866,
5755.0,1.361,-0.52
5853.0,1.193,0.2
5053.0,0.781,
6491.0,1.14,
5515.0,0.87,-0.08
5295.0,0.8,-0.1
5348.0,0.786,-0.25
6075.0,1.331,
5503.0,0.902,-0.13
6634.0,1.77,
4445.0,0.589,
5211.0,0.895,0.08
5299.0,0.826,
4601.0,0.67,
5952.0,1.225,0.06
5734.0,0.85,
6000.0,0.973,-0.06
5703.0,1.735,0.416
4772.0,0.708,0.11
5530.0,0.832,
6040.0,1.19,-0.01
5594.0,1.053,
5652.0,1.31,
5674.0,0.782,-0.38
6306.0,1.67,
6289.0,1.27,0.0
4797.0,0.701,-0.1
3456.0,0.425432,
5638.0,0.928,-0.42
5166.0,0.791,0.1
6095.0,1.22,0.08
4268.0,0.507,
6140.0,1.19,0.01
3689.0,0.514745,
,0.884,
8480.0,1.73,-0.51
,,
4976.0,0.731,
3250.0,0.215,0.29
5956.0,1.209,0.0
6220.0,1.066,-0.1
6186.0,0.896,
3816.0,0.51,-0.05
6067.2,2.39014,
3862.0,0.5,
5558.0,0.63,
5138.0,0.756,
4231.0,0.67,
6362.0,1.378,-0.02
4375.52,0.664503,
5614.0,0.827,-0.14
5900.0,1.46,
5951.0,1.141,-0.35
6207.0,1.219,
6453.0,1.28,-0.18
6253.0,0.927,-0.42
5865.0,1.272,0.16
5711.0,1.391,0.48
4097.0,0.63,0.21
5342.0,0.83,
4750.0,0.729,0.12
4909.0,0.7,
3489.0,0.490729,
5239.0,0.826,0.0
5894.0,1.19,
5580.0,0.886,0.14
3976.0,0.56,-0.07
5818.0,0.9,
,,
5032.0,0.593,-0.96
5123.0,0.935,0.32
5684.0,1.27,
5132.0,0.77,-0.06
5797.0,0.876,
6502.0,1.303,
4974.0,0.9,
5897.0,1.081,-0.1
5895.0,2.014,0.14
6227.0,1.13,
5192.0,0.873,0.18
5160.0,0.896858,0.2
6129.0,1.36,0.05
5936.0,0.965,0.07
6071.0,2.04,-0.02
4919.0,0.721,-0.24
4894.0,0.701,-0.22
6143.0,1.074,0.04
4427.0,0.622,-0.32
4932.0,0.782,
5740.0,1.22,
5315.0,0.79,-0.09
5942.0,1.142,-0.04
5500.0,1.12,0.01
6028.0,1.099,
5011.0,0.74,-0.08
,,
5999.0,0.959,-0.06
5695.0,1.07,0.2
3394.0,0.615219,
,,
5818.0,0.855,-0.82
3898.0,0.54,-0.09
5403.0,0.81,-0.06
5560.0,1.21,0.14
5440.0,0.885,-0.24
5324.0,0.761,-0.18
,1.72,
5527.0,0.887,
,0.825,
5535.0,1.121,
4876.0,0.853,0.42
,0.226,-0.18
3236.0,0.341024,
5526.0,1.085,
5285.0,0.84,
5037.0,0.773,
4648.0,0.607,
5588.0,0.832,-0.1
5194.0,0.84,
6245.0,1.065,-0.16
5580.0,0.886,0.14
5984.0,0.906,-0.2
3331.0,0.374,0.28
4056.0,0.56,-0.23
4680.0,0.642,
4963.0,0.69,-0.42
5568.0,0.883,-0.04
5252.0,0.779,-0.02
5700.0,1.77,0.0
6287.2,1.69,
5355.0,0.84,0.0
5894.0,0.9,
5615.0,0.87,-0.32
5195.0,0.699,-0.36
,1.288,
4340.0,0.518,
5897.0,1.081,-0.1
4746.0,0.675,
6028.0,1.047,0.21
5860.0,1.596,
6065.0,1.07,
5575.0,0.834,-0.08
,,
5923.0,1.022,0.0
6119.0,1.09,-0.06
5771.0,1.068,0.06
6208.0,1.26526,
6330.0,1.38,0.31
5441.0,0.904,0.28
6122.0,1.17,
4588.0,0.7,0.15
5896.0,0.916,-0.08
5619.0,0.915,
5755.0,1.549,0.24
5159.0,0.8,-0.16
6112.0,1.066,0.02
5377.0,0.783,
,0.7,
4940.0,0.77,0.15
5991.0,1.293,-0.2
5172.0,0.78,0.04
6363.0,1.012,-0.32
6031.0,1.247,-0.16
5487.0,1.06,0.19
5739.0,1.027,
5817.0,1.11,
5492.0,0.809,-0.06
5314.0,0.748,0.0
4536.0,0.693,0.2
6178.0,0.988,-0.2
5803.0,0.98,
5468.0,1.306,0.14
5565.0,0.802,-0.2
5763.0,1.457,0.26
,0.637,
3556.0,0.33,-0.39
5094.0,0.791,0.21
4160.1,0.87,
5698.0,1.039,-0.24
3930.0,0.57,-0.33
5941.0,0.911,-0.14
5618.0,0.897,-0.22
5688.0,0.998,0.42
6277.0,1.031,-0.18
5188.0,0.973,0.32
5200.0,0.89,0.3
6453.0,1.53,0.05
,,
5823.7,2.04354,
6263.0,2.02,0.2
4651.0,0.718,
5564.0,0.85,-0.14
5817.0,0.99,-0.14
5541.0,1.648,
5846.0,1.24,0.14
6153.0,0.993,-0.14
5715.0,2.13,
,,
5828.0,1.548,
6050.0,1.51,0.34
4503.0,0.619,
6412.0,1.04,-0.3
6070.0,1.034,-0.18
5339.0,0.847,0.18
3900.0,0.54,-0.1
5814.0,0.881,-0.18
6059.0,1.573,
4608.0,0.716,0.02
6122.0,1.047,-0.14
5783.0,1.096,
6127.0,1.298,
,,
4978.0,0.72,
6327.0,1.18,
4779.0,0.67,
4891.0,0.805,0.16
6085.0,1.463,0.48
6052.0,0.967,-0.26
5641.0,0.831,-0.16
5596.0,0.998,
6100.0,1.336,-0.15
3327.0,0.189,-0.38
,1.39,
3985.0,0.55,-0.26
5211.0,0.895,0.08
6000.0,1.12,0.42
6095.0,1.0,
5643.0,0.96,0.06
5421.0,0.86,0.01
4189.0,0.587,-0.24
5146.0,0.779,0.03
5620.0,0.974,-0.32
3896.0,0.561,-0.32
5569.0,0.829,-0.08
5910.0,0.94,-0.02
5693.0,0.914,
4444.0,0.57,
6292.0,1.276,0.16
6260.0,1.64,
5390.0,0.876,0.06
6680.0,1.319,0.07
5417.0,0.77,-0.32
4530.0,0.631,
4960.0,0.748,-0.46
3440.0,0.36,
4840.0,4.23,0.2
5337.0,0.87,
5355.0,0.803,0.0
6110.0,1.455,0.23
4040.0,0.57,-0.14
3997.0,0.619,0.33
4071.0,0.6428,0.253
6058.0,1.18,0.07
5184.0,1.089,0.21
5024.0,0.77,
5938.0,0.883,-0.24
6084.0,1.169,-0.06
5705.0,0.911,
4294.0,0.504,-1.0
4650.0,0.613,-0.15
5735.0,0.833,-0.22
5884.0,1.127,-0.22
3180.0,0.295,0.15
4992.0,3.79,0.04
5823.0,0.972,0.06
5272.0,0.851,
5244.0,0.888,0.02
6060.0,0.925,-0.22
2960.0,0.171,-0.09
5605.0,1.649,
5455.0,0.927,0.14
5911.0,1.235,
6140.0,1.417,0.05
5900.0,0.9,
4663.0,0.663,-0.25
6517.0,1.159,-0.14
5163.0,0.79,-0.02
5508.0,1.988,0.1
5522.0,1.018,0.1
5913.0,1.04,-0.03
5726.0,0.85,
5585.0,0.972,0.48
5460.0,0.94,0.44
6120.0,2.0,0.02
5873.0,1.62,
5648.0,0.905,
4410.0,0.583,
5275.0,0.978,0.2
5739.0,1.027,
5973.0,0.937,-0.14
4634.0,0.7,-0.03
4505.0,0.658,-0.2
5311.0,0.788,-0.04
5712.0,0.989,-0.44
6007.0,1.272,-0.041
5880.0,,-0.31
4883.0,0.749,-0.08
6303.0,1.06,-0.24
5771.0,1.095,0.191
6162.0,1.587,-0.09
6010.0,1.037,-0.16
5802.0,1.671,
3391.0,0.381586,
5120.0,0.853,0.07
6168.0,1.0,
5730.0,1.32,0.15
6091.0,1.19,0.01
4505.0,0.658,-0.2
3827.0,0.53,-0.06
5149.0,0.93,0.42
6084.0,0.944,
5831.0,0.921,0.0
5728.0,1.167,0.02
6360.0,1.571,
5608.0,0.985,
5216.0,0.79,0.06
3883.0,0.496,-0.28
6237.0,1.683,-0.22
6108.0,1.03,0.07
4695.0,0.71,0.14
5594.0,0.934,0.16
5703.0,0.975,0.36
4045.0,0.515,-0.48
3914.0,0.53,-0.12
5696.0,0.88,
3809.0,0.455,-0.4
,,
4612.0,0.65,-0.21
4555.0,0.638,-0.3
5114.0,0.682,-0.4
5187.9,0.826,
3876.0,0.547805,
4953.0,0.798,0.22
5850.0,,-0.15
6035.0,1.135,-0.14
4861.0,0.823,
6277.0,1.13,-0.18
6082.0,0.97,
6000.0,1.051,0.09
5444.0,0.76,
5228.0,0.811,0.21
6176.0,1.3,0.03
5534.0,0.94,0.22
3505.0,0.36,
5262.0,0.761,-0.14
4230.0,0.708,0.41
4934.0,1.756,0.28
5185.0,0.833,-0.12
4604.0,0.68,
5348.0,0.94,-0.15
6353.0,1.139,-0.14
5628.0,0.911,-0.22
6108.0,1.011,-0.08
4534.0,0.69,
5968.0,0.881,-0.26
5818.0,0.848,-0.22
6106.0,1.656,0.1
6000.0,1.13,-0.02
6286.0,1.06,
5942.0,0.938,-0.06
3715.0,0.5,0.04
3790.0,0.465,
5090.0,0.792,
6029.0,0.865,-0.4
,0.811,
6110.0,1.109,-0.02
5618.0,0.811,-0.22
5788.0,1.474,0.1
4901.0,0.716,0.04
6046.0,0.972,-0.08
5574.0,1.037,0.34
4991.0,0.72,
5597.0,1.33,
6000.0,1.051,0.09
5995.0,1.011,-0.58
6046.0,1.023,-0.14
5833.0,1.01,0.02
5162.0,0.795,0.06
5936.0,1.196,
5235.0,0.836,0.26
5953.0,0.926,-0.24
5445.0,0.929,0.48
5576.0,0.929,0.3
5354.0,0.765,-0.18
6200.0,,
4832.0,0.741,0.08
4744.0,0.725,0.1
5051.0,0.721,-0.36
5376.0,0.806,-0.02
4340.0,0.602,-0.26
5749.0,0.978,-0.08
5153.0,0.767,-0.18
6150.0,1.04,-0.12
6212.0,1.12,
5757.0,1.407,
3894.0,0.5,-0.28
5283.0,0.839,0.134
6237.0,1.116,-0.08
5923.0,1.735,
4702.0,0.686,-0.22
6040.0,1.157,-0.14
6194.0,1.129,0.21
3068.0,0.17,-0.48
,0.611,
5688.0,1.01,0.01
5936.0,0.965,0.07
4856.0,0.696,-0.3
4366.0,0.639,-0.18
4621.0,0.758575,
5579.0,1.329,0.28
6071.0,1.295,-0.06
,,
5873.0,1.11,
5562.0,1.25,
5808.0,1.29,0.2
6004.0,0.977,-0.02
,0.201,
5130.0,0.837,0.48
5556.0,0.84,
4709.0,0.685,-0.08
4850.0,0.708,
11327.0,2.109,0.0
6179.0,1.045,
6562.0,1.58,
3822.0,0.69,
5213.0,0.8,-0.03
,0.713,
4613.0,0.647,
4580.0,0.675,0.08
5784.0,0.918917,
6085.0,1.619,
5081.0,0.744,0.17
3807.0,0.47,-0.26
4603.0,0.751,-0.045
6429.0,1.409,-0.18
6692.0,1.351,-0.14
4518.0,0.585,
6289.0,1.102,-0.12
6692.0,1.351,-0.14
5137.0,0.8785,0.377
5774.0,1.044,
6167.0,1.064,0.07
6594.0,1.441,0.332
5497.0,0.839,0.07
5880.0,0.917,-0.06
6029.0,1.56,
6119.0,1.545,-0.07
5501.0,0.918,0.02
5353.0,0.83,-0.04
4500.0,0.633,-0.32
5349.0,0.82,-0.12
5816.0,0.958,
6215.0,0.957,-0.3
3476.0,0.508,0.05
3577.0,0.569,
6170.0,1.316,0.09
3483.0,0.389,0.1
3886.0,0.545921,
3698.0,0.444,-0.2
5296.0,0.852,0.3
3937.0,0.52,-0.27
5693.0,0.802,-0.3
5638.0,0.902012,-0.03
5823.0,0.96,-0.24
5422.0,0.887,0.02
5507.0,0.89,0.02
6050.0,1.22,0.19
4700.0,0.813,
5936.0,0.965,0.07
5847.0,1.135,-0.12
6505.0,2.17,0.36
6008.0,1.17,-0.4924
6105.0,1.401,0.26
5772.0,0.901,0.0
4911.0,0.786,0.26
5767.0,0.97,-0.03
5888.0,0.944,0.02
5150.0,1.78,0.15
5862.0,0.955756,
5262.0,0.816,0.21
5883.0,1.074,-0.16
3800.0,0.546506,
5200.0,0.803,0.38
4734.0,0.726,0.05
6308.0,1.153,-0.08
6131.0,2.04,
,,
5862.0,0.931,-0.14
,1.559,
5775.0,1.031,-0.04
3903.0,0.523,-0.2
5783.0,0.86,-0.34
6384.0,1.121,-0.24
6369.0,1.729,0.06
4909.0,0.724,0.11
5665.0,0.764,-0.58
5680.0,0.95,
6250.0,1.619,0.32
5553.0,0.81,
5169.0,0.56,
6090.0,1.025,-0.2
5370.0,1.08,0.05
4938.0,0.751,
6179.0,1.4,0.08
5052.0,0.48,-0.5
5106.0,0.803,-0.08
4313.0,0.65,0.36
,0.94,
5787.0,0.845,
5484.0,0.92,0.23
4840.0,4.23,0.2
,,
5752.0,0.96,
6095.0,1.22,0.08
6157.0,1.491,-0.02
6108.0,0.997,-0.08
,,
5688.0,0.971,-0.12
5840.0,0.849,-0.24
6046.0,0.972,-0.08
6144.0,1.668,0.14
4096.0,0.57,-0.17
5671.0,1.084,0.16
4599.0,0.720551,
5731.0,0.906,-0.32
5185.0,0.91,0.16
5010.0,0.68,
5857.0,1.48,0.17
4380.0,0.53,-0.92
4820.4,0.731699,
6432.0,1.35,
5275.0,0.918,0.06
5693.0,0.802,-0.3
5945.0,1.01,0.01
5289.0,0.98,0.24
5162.0,0.795,0.06
3809.0,0.455,-0.4
5503.0,0.931,
3871.0,0.532,0.07
5130.0,0.756,-0.12
5283.0,0.839,0.134
6450.0,1.222,-0.09
6005.0,1.363,0.32
3258.0,0.175,-0.5
6046.0,0.972,-0.08
,,
5595.0,0.9,-0.04
3090.0,0.207,-0.31
5764.0,1.185,
5618.0,0.874,-0.18
5372.0,0.86,
5095.0,0.771,-0.2
5730.0,1.04,
6327.0,7.663,0.56
5936.0,1.035,
5179.0,0.79,
4973.0,0.768,-0.08
4079.0,0.68,
5600.0,1.01656,
6388.0,1.402,0.1
5725.0,0.889,-0.42
5672.0,1.315,
3896.0,0.54,-0.27
5526.0,0.89,
4975.0,0.72,
4097.0,0.6,-0.05
4801.0,0.786,0.32
,1.492,
5763.0,1.098,
,0.794,
5534.0,0.796,-0.22
5374.0,0.721,-0.68
6455.0,1.496,-0.36
3789.0,0.748,
5327.0,0.929,0.08
5612.0,0.99,
6102.0,1.201,-0.24
,,
4870.0,0.74,0.01
5943.0,1.518,0.1
5311.0,0.788,-0.04
4268.0,0.6,-0.23
5675.0,0.95,0.01
3797.0,0.48,-0.1
5559.0,0.806,-0.18
5883.0,1.074,-0.16
5445.0,1.642,0.36
5990.0,1.64,0.39
6781.0,1.067,-0.58
6010.0,0.94,
4405.0,0.61,-0.34
6412.0,1.39,0.07
3896.0,0.52,-0.2
5099.0,0.7,
5900.0,1.01,
6091.0,0.967,-0.14
5893.0,1.02,-0.02
3326.0,0.404,
5565.0,1.04,
4600.0,0.697,-0.02
5418.0,0.76,-0.38
5655.0,0.9,-0.13
5228.0,0.73,
4441.0,0.546,-0.86
5379.0,0.78,
4595.0,0.694,0.35
5540.0,1.059,
6263.0,1.56,0.2
5119.0,0.834,0.1
5559.0,1.142,
5288.0,0.749,
5657.0,0.911,-0.48
5262.0,0.778475,-0.16
5668.0,0.93,
5949.0,0.937,-0.1
5739.0,0.922,0.1
5218.0,0.799,
5755.0,1.34,-0.16
3787.0,0.506,-0.1
5600.0,0.872,-0.36
5667.0,0.93,0.08
5232.0,0.795,0.04
5121.0,0.75,
5926.0,0.913,-0.12
4006.0,0.46,
3976.0,0.56,-0.07
6327.0,1.175,-0.14
5749.0,0.97,0.074
5129.0,0.754,-0.2
5926.0,0.913,-0.12
5936.0,0.965,0.07
4770.0,0.72,0.0
3969.0,0.513,
5254.0,1.514,0.21
6038.0,0.922,-0.22
5821.0,1.21,0.1
5406.0,0.879,0.2
5075.0,0.797,
4406.0,0.603,-0.34
6820.0,1.833,0.074
5911.0,0.914,-0.1
5440.0,0.885,-0.24
4965.0,2.861,0.22
,0.552,
4040.0,0.598,
,,
5216.0,0.79,0.06
3944.0,0.51,-0.36
6053.0,2.66,0.24
5926.0,1.28,
6328.0,1.013,-0.28
3914.0,0.53,-0.12
3292.0,0.148,-0.42
5605.0,0.82,
,,
4950.0,0.745,0.07
5418.0,0.812,-0.02
6517.0,1.159,-0.14
5619.0,1.718,
5622.0,0.91,-0.02
5353.0,1.023,0.16
6373.0,1.317,-0.16
4967.0,0.67,-0.36
6038.0,1.088,-0.24
3800.0,0.6,0.04
6382.0,2.274,-0.84
5637.0,0.821,-0.18
4056.0,0.56,-0.23
2559.0,0.117,0.04
5750.0,1.287,0.27
5331.0,0.84,-0.01
5835.0,0.847,-0.24
5700.0,0.9,
5362.0,0.69,-0.56
,,
,0.912,
5224.0,0.886,
5807.0,1.012,0.1
6642.0,1.846,-0.02
5825.0,1.291,0.14
5182.0,0.82,0.2
5636.0,0.96,0.13
5359.0,0.915,-0.06
6197.21,1.64162,0.1278
6250.0,1.73,0.23
6106.0,1.359,
4983.0,0.807,0.06
5582.0,1.158,0.3
6038.0,1.191,-0.16
3838.0,0.625,
5630.0,1.045,0.35
4700.0,0.506,-1.44
5260.0,0.778,-0.06
5069.0,0.76,-0.09
6197.0,1.01,
5723.0,0.818,-0.36
3916.0,0.51,-0.24
5417.0,1.066,0.12
6125.0,1.199,
5962.0,0.966,-0.2
5870.0,1.152,
5029.0,1.12,
6389.0,1.316,0.06
6410.0,2.136,-0.08
4512.0,0.68,0.03
4493.0,0.672,0.06
4564.0,0.691,-0.06
5837.0,1.04,
5375.0,0.864,-0.15
4722.0,0.718,0.07
5663.0,1.065,
3640.0,0.503,0.21
5585.0,0.91,-0.38
6220.0,1.39,0.09
5007.0,0.795696,
4237.0,0.551,
5146.0,0.789,
6184.0,0.959,-0.26
3799.0,0.492,-0.2
4347.0,0.571,
5187.0,0.78,
6628.0,1.461,0.17
6083.0,1.99,0.11
5266.0,0.788,-0.2
5752.0,0.94,0.04
,0.755,
5014.0,0.76,-0.05
5159.0,0.850729,
,1.33,
5000.0,0.752,0.2
,,
5695.0,0.872,-0.02
6535.0,1.283,0.21
5767.0,0.881,-0.06
4634.6,0.78,
3605.0,0.433,0.07
5804.0,0.957,
6150.0,1.04,-0.12
5159.0,0.71,
5977.0,1.38,0.25
5964.0,0.933,-0.22
5602.0,0.89,
,,
3240.0,0.27,
5888.0,1.148,
5391.0,0.833805,-0.03
5464.0,0.819,0.16
6170.0,0.992,-0.16
5382.0,0.827,0.1
5376.0,0.792,
4881.0,0.72,-0.1
5973.0,0.976,-0.06
5660.0,1.261,0.36
5345.0,0.8,
3769.0,0.56,0.4
4850.0,0.815,0.26
5321.0,0.75,
5660.0,0.939,-0.09
4237.0,0.558,-0.48
5920.2,1.43,
5418.0,0.886,0.28
5048.0,0.758,0.0
5395.0,0.734,-0.34
6292.0,1.06,
5918.0,1.555,0.21
5583.0,1.007,0.02
5679.0,0.84,
5336.96,0.84,
6293.0,1.14586,
5351.0,1.671,-0.36
,,
5257.0,0.874,-0.02
5920.0,0.87,
5439.0,1.209,0.04
5114.0,0.878,0.16
6297.0,1.793,0.04
5735.0,1.114,0.0
5310.0,0.799,0.34
5912.0,1.58,0.0
5698.0,0.99,-0.21
5942.0,1.142,-0.04
5500.0,1.05236,
4949.0,0.71,
4166.0,0.77462,
5645.0,0.838,-0.26
6112.0,1.037,-0.2
4909.0,0.726,
5775.0,1.031,-0.04
6003.0,0.932,-0.14
,,
5831.0,0.921,0.0
3568.0,0.42,0.02
5549.0,0.81,
5460.0,0.823,
5099.0,0.76,
5506.0,0.788,-0.2
4182.0,0.542,-0.58
3359.0,0.288,
5175.0,0.771,-0.08
4088.0,0.62,
6035.0,1.135,-0.14
5129.0,0.721964,-0.35
5252.0,0.764371,-0.22
6108.0,1.03,0.07
5975.0,1.112,0.13
5883.0,1.005,0.06
6286.0,1.97,
5976.0,1.604,-0.01
4299.0,0.562,
3216.0,0.2139,-0.24
5430.0,0.86,0.1
5845.0,1.0,-0.05
5657.0,1.046,0.0
5611.0,0.91,-0.04
5806.0,0.899,-0.04
5973.0,0.976,-0.06
5619.0,0.796,-0.7
6014.0,1.1,0.02
5266.0,0.788,-0.2
5915.0,1.008,-0.02
5745.0,1.07,0.04
5513.0,0.88,-0.01
5725.0,0.881,-0.26
5527.0,1.03,0.04
5881.0,1.0,-0.07
4114.0,0.5,0.006
6187.0,1.052,-0.1
5497.0,0.872,0.0
5896.0,0.916,-0.08
4807.0,0.601,
4016.0,0.6259,0.322
6110.0,1.889,
5417.0,0.772,-0.32
5460.0,3.231,0.42
3275.0,0.23,
5977.0,1.075,-0.1
5219.0,0.755,-0.26
5508.0,1.988,0.1
6653.0,1.356,
3580.0,0.48,
3415.0,0.314,-0.46
5578.0,0.99,-0.005
3450.0,0.399,0.0
5893.0,0.866,-0.26
6055.0,1.31,-0.09
4812.0,0.755,0.02
5196.0,0.775,0.04
7121.0,1.972,-0.12
5662.0,0.789,-0.34
5533.0,1.56,0.33
3477.0,0.493576,
5656.0,0.955,
8004.2,1.84,
5080.0,0.628,-0.86
4608.0,0.716,0.02
,1.437,
6024.0,1.434,
6340.0,1.22,-0.076
5513.0,0.818,-0.16
,,
5522.0,0.87,-0.09
5746.0,1.0,
5641.0,0.831,-0.16
6472.0,1.14583,
6157.0,1.07,
5280.0,0.78,0.08
6343.0,1.137,0.07
6340.0,1.393,-0.38
5860.0,1.049,
4886.0,0.653,
4875.0,0.795,0.32
5456.0,0.875749,0.13
4159.0,0.583,-0.24
5893.0,1.02,-0.02
6597.0,1.491,0.0
5303.0,0.82,-0.05
5969.0,1.276,-0.04
5708.0,0.94,0.13
5702.0,1.125,-0.28
3157.0,0.187,
5060.0,0.801,
5523.0,1.12,
5605.0,0.93,0.01
5630.0,0.86,-0.23
,1.06,
6091.0,1.025,0.02
,,0.21
5581.0,0.921,-0.01
6248.0,0.886,-0.5
5805.0,0.9573,0.075
5275.0,0.787,0.0
5589.0,0.974,0.48
3814.0,0.55,0.2
5775.0,1.114,-0.34
5406.0,0.879,0.2
5275.0,0.978,0.2
5549.0,0.825,
5776.0,0.965,0.1
5973.0,1.305,-0.34
2960.0,0.182,-0.09
5267.0,2.555,0.02
5455.0,0.852,-0.34
5141.0,0.861,0.07
5345.0,1.108,0.19
5917.0,1.239,-0.08
,1.692,
5732.0,0.97,0.02
5315.0,0.75,
5680.0,0.967,-0.16
,1.3704,
3815.0,0.498,-0.2
5643.0,0.94,0.03
5203.0,0.813,0.08
5190.0,0.899,0.12
5233.0,0.835,0.18
4500.0,0.707,
5661.0,1.15,
,2.69,
5322.0,0.840476,
5054.0,0.738,
5884.0,1.127,-0.22
5103.0,0.787,0.04
5926.0,0.913,-0.12
5282.0,0.81,-0.07
5678.0,0.973,0.12
5679.0,0.95,0.04
,0.843,
8241.0,3.177,-0.1
,0.936,
5153.0,0.759,-0.04
5275.0,0.787,0.0
3943.0,0.681,
3813.0,0.477,-0.3
5969.0,0.93,
6034.0,0.94,
,1.275,
5857.0,1.03,0.03
5431.0,0.843,0.12
5516.0,0.895,-0.2
4514.0,0.639,-0.2
5316.0,0.719,-0.38
5780.0,0.97,0.08
4901.0,0.758,-0.06
5854.0,1.526,0.1
6217.0,1.247,-0.32
3622.0,0.452,
6025.0,1.25,0.18
5759.0,1.116,
5250.0,0.963515,0.35
5751.0,1.034,-0.28
3026.0,0.211,
6184.0,1.038,-0.06
5528.0,1.06,0.18
5427.0,0.84,0.03
5642.0,0.846,-0.14
4552.0,0.665,-0.284
6104.0,1.225,-0.2
5652.0,0.93,
5589.0,1.218,0.3
5331.0,0.76,
6185.0,0.991,-0.18
5692.0,0.909,
4991.0,2.935,0.28
5471.0,0.809,-0.08
5794.0,1.01,0.02
6438.0,1.74,0.09
5430.0,0.858,0.18
5413.0,0.747,-0.34
4836.0,0.717,0.0
5884.0,1.373,
4937.0,0.762201,0.14
5334.0,1.004,0.16
5869.0,1.626,-0.16
5573.0,0.827,-0.12
5622.0,1.406,-0.4
5966.0,0.93,
5278.0,0.74,
5354.0,0.835,0.0
5926.0,0.939,-0.04
5763.0,1.215,-0.006
5258.0,0.873,-0.04
6110.0,1.109,-0.02
5448.0,0.872,0.07
5885.0,1.028,
3600.0,0.42,-0.5
6003.0,0.932,-0.14
6343.0,1.137,0.07
6164.0,1.26,
5414.0,0.805,0.12
4550.0,0.66,-0.18
6484.0,1.173,-0.08
5431.0,0.843,0.12
4868.61,0.69,
4245.0,0.637,0.0
5790.0,0.974,-0.42
5408.0,0.696,-0.58
5685.0,0.969,
3360.0,0.382,0.09
6363.0,1.035,-0.26
5588.0,0.796,-0.3
5730.0,1.23,-0.53
5585.0,0.835,-0.29
5094.0,0.791,0.21
4709.0,6.4,-0.07
3694.0,0.464,-0.1
5659.0,1.435,
6120.0,1.396,0.3
6017.0,0.94,
5239.0,0.785,0.0
5817.0,0.962,0.14
5860.88,1.90361,-0.029
4500.0,0.582488,-0.18
3841.0,0.607,0.31
4947.0,0.868,0.36
4888.0,0.880213,
3698.0,0.444,-0.2
5551.0,0.848,-0.1
6047.0,1.36681,
3816.0,0.51,-0.05
5200.0,0.81,-0.02
6167.0,1.689,-0.12
6351.0,0.921,-0.5
5657.0,1.09993,
5970.0,0.908,-0.18
5185.0,0.91,0.16
5213.0,0.8649,0.168
4023.0,0.57,-0.11
5871.0,0.973,
5845.0,0.874,-0.16
6063.0,1.012,0.07
5445.0,0.879,0.104
5836.0,1.06,0.09
5831.0,0.873,
5017.0,1.71,0.2
6198.0,1.19,0.36
,1.026,
5975.0,1.08,0.05
5720.0,0.97,0.17
5007.0,0.76,
4870.0,0.74,0.02
,,
4694.84,0.809951,
5354.0,0.911,0.26
5541.0,1.76,
5437.0,0.804,-0.1
5068.0,0.849,0.138
5437.0,0.93,
4605.0,6.528,0.29
6325.0,1.08,
5955.0,0.91,-0.16
6421.0,1.833,
5724.0,0.862,-0.4
5961.0,1.28,0.05
5875.23,1.25931,0.126
5302.0,1.04,0.24
6063.0,1.012,0.07
6384.0,1.121,-0.24
4003.0,0.515,
5203.0,0.774,0.0
6343.0,1.137,0.07
3820.0,0.5,-0.2
3868.0,0.552,
3200.0,0.259,0.11
6187.0,1.35,0.11
,0.561,
5330.0,0.718,-0.4
5711.0,1.375,0.1415
5832.0,1.03,
5776.0,0.849,-0.18
6104.0,1.17,0.0
5733.0,0.855,-0.12
5551.0,0.88,-0.07
4961.0,0.738,0.21
6074.0,1.005,-0.54
5414.0,0.813,0.05
5581.0,0.93,
5083.0,0.872,0.18
5046.0,0.856,
3838.0,0.625,
6270.0,1.395,-0.16
5106.0,0.647,-0.54
5642.0,0.84,
5675.0,1.93,
5643.77,1.09457,0.415
5212.0,0.79,-0.1
5452.0,0.86,0.12
6429.0,1.5,0.09
6151.0,1.828,
3471.0,0.38,0.0
5874.0,1.10649,
5814.0,0.881,-0.18
3841.0,0.535,-0.18
5514.0,1.071,0.16
4978.0,0.808,0.07
6450.0,1.222,-0.06
6117.0,1.025,-0.02
,1.103,
5983.0,0.93,
3712.0,0.525,
5735.0,0.852,-0.16
5645.0,0.91,-0.07
5850.0,1.003,
5154.0,0.85,
5545.0,1.174,0.07
7056.0,1.4072,
4935.0,0.711,0.06
5802.0,1.338,
5760.0,1.726,0.13
4991.0,2.935,0.28
5220.0,0.72,
5616.0,1.2,0.4
5348.0,0.94,-0.15
6258.0,1.074,0.16
6371.0,1.39,-0.01
5594.0,0.943,
,,
5715.0,1.11852,
3750.0,0.51,0.08
5680.0,1.103,0.12
6454.0,1.26,
5633.0,1.162,0.16
6727.6,1.55,
5639.0,1.03,
5655.0,0.93,-0.03
5905.0,1.257,-0.09
5653.0,0.965,0.02
5516.0,0.827,-0.14
6443.0,1.888,
5495.0,0.985,0.12
5377.0,0.841458,0.07
6018.0,1.29,
5726.0,1.285,0.16
,1.24,
5271.0,0.838,0.14
5126.0,0.73,
4592.0,0.62,
3909.0,0.565,
5609.0,0.952,0.148
5215.0,0.8,-0.05
6224.0,1.083,-0.06
6150.0,1.2,0.15
6343.0,1.137,0.07
5615.0,0.936,0.24
4837.0,7.6,
5693.0,0.875,-0.11
5707.0,1.03,
4978.0,0.808,0.07
5977.0,0.911,
5573.0,1.15,0.11
5660.0,0.93,-0.03
5751.0,0.854,-0.14
6182.0,1.52,0.0228
5866.0,1.28,0.16
3131.0,0.186,-0.24
4120.0,0.68,0.24
3089.0,0.158,0.0
,0.9,
5948.0,1.403,
5550.0,1.16,0.2
5750.0,0.882,-0.04
4908.0,0.769,-0.13
5552.0,0.81,
5514.0,1.071,0.16
6168.0,0.96,-0.24
6302.0,1.269,-0.18
4991.0,2.935,
6299.0,0.983,-0.32
6300.0,1.126,-0.1
5377.0,0.971,0.018
5703.0,0.956122,-0.06
6167.0,1.064,0.07
6564.0,1.356,-0.16
5560.0,1.04,0.16
5447.0,0.968149,
5726.0,1.483,0.21
3885.0,0.502,
5841.0,1.6184,0.226
5726.0,1.243,-0.06
5305.0,0.818,-0.26
5562.0,0.92,0.03
5130.0,0.837,0.48
5594.0,1.3,
5749.0,0.991,0.36
5917.0,1.269,
5940.0,1.721,0.225
5919.0,1.585,-0.2
5627.0,1.047,0.18
6107.0,1.04,
6011.9,1.16,
5768.0,1.067,-0.04
6067.0,1.461,
5795.0,0.919,-0.02
5278.0,0.843307,
4380.0,0.53,-0.92
5926.0,0.887,-0.2
6110.0,1.109,-0.02
5302.0,1.04,0.24
6119.0,1.09,-0.06
6021.0,1.834,-0.15
6270.0,1.404,
4786.0,0.704,-0.2
5027.0,0.88,
5573.0,1.329,0.16
5987.0,1.178,
5516.0,0.895,-0.2
5196.0,0.657,-0.54
4089.0,0.58,0.31
6248.0,0.886,-0.5
6169.0,1.424,0.09
5170.0,1.071,
5957.0,1.592,-0.1
,0.907,
5710.0,1.008,
5407.0,0.871,
,3.85,
4661.0,0.715,
6174.0,1.38,
,,
5076.0,0.727,-0.16
5866.0,1.367,0.0
4111.0,0.660806,
6100.0,1.44,
5349.0,0.695,-0.52
5886.0,0.9,
2800.0,0.123,0.07
3007.0,0.2276,0.142
5303.0,0.753,-0.4
6106.0,1.38,-0.15
5910.0,1.32,0.14
6570.0,1.46,-0.13
5904.34,1.81719,0.1381
5789.0,1.257,
5644.0,0.969,0.14
5906.0,1.145,0.22
,1.0085,
6099.0,1.127,
4402.0,0.572,-0.58
5681.0,0.923,0.21
,0.783,
5973.0,1.24,
5106.0,0.803,-0.08
5623.0,0.93,0.02
6272.0,1.363,0.1
6043.0,0.999,-0.04
4856.13,0.723757,
6346.0,1.459,
5870.0,0.867,-0.2
,0.852,
5741.0,1.008,-0.38
5237.0,0.837,-0.12
6332.0,1.74,0.02
5632.0,1.0,0.31
5650.0,0.91,-0.07
5723.0,0.94,-0.02
5333.0,0.84,0.04
5149.0,0.791,-0.02
5827.0,0.894,-0.19
5849.09,1.06358,
,0.802,
5007.0,0.783,-0.033
5564.0,0.91,0.01
4769.0,0.714,0.12
6061.0,0.97,-0.1
5810.0,1.17,
5869.0,0.954,-0.04
6095.0,0.96,
,1.756,
6236.0,2.186,
5909.0,2.04,
5506.0,1.992,0.11
5638.0,0.903,0.14
5634.0,1.823,
6014.0,0.94,
5313.0,0.871,-0.31
6068.0,0.829,-0.5
4590.0,0.751825,
5641.0,0.831,-0.16
,,
3750.0,0.45,-0.23
5952.0,1.377,0.18
4159.0,0.583,-0.24
5067.0,0.75,-0.08
5776.0,1.047,-0.24
5088.0,0.768,
3491.0,0.464,-0.05
7000.0,1.56,0.35
5926.0,0.913,-0.12
6126.0,1.079,-0.3
5378.0,0.85,-0.01
5648.0,0.896,-0.43
4675.0,0.703,0.03
5698.0,0.84,
4713.0,0.721,
5933.0,1.22,0.07
5710.0,1.45,0.44
5560.0,0.939,
3482.0,0.35,-0.1
5802.0,1.316,0.14
5854.0,1.447,0.321
5173.0,0.939,0.26
6003.0,0.932,-0.14
5730.0,0.87,-0.06
5758.0,1.02,0.07
3834.0,0.539,-0.02
5862.0,1.67,0.16
5708.0,1.065,-0.15
3709.0,0.538,-0.2
5669.0,0.921,-0.18
5850.0,1.04,0.14
5833.0,1.03,0.02
3482.0,0.419457,
6047.0,1.662,-0.07
4299.0,0.697,0.38
5376.0,0.806,-0.02
4386.0,0.63,-0.26
5192.0,1.593,0.14
3972.0,0.565,-0.1
,0.9395,
5905.0,1.203,0.15
6047.0,1.559,0.14
5640.37,0.991737,
3654.0,0.587106,
4907.0,0.72,
5926.0,0.887,-0.2
6071.0,0.96,
5576.0,1.15,0.36
5497.0,1.052,0.36
6332.0,0.981,-0.36
4650.0,0.61,-0.15
5565.0,1.1,0.43
5300.0,0.849,-0.16
3350.0,0.464,-0.03
5761.0,1.208,0.48
5947.0,1.609,0.14
,,
6049.0,1.176,0.16
4316.0,0.651,-0.23
,1.156,
5600.0,,
6207.0,1.6,0.12
6202.0,1.29,0.05
5810.0,1.17,
4465.0,0.582,
6134.0,1.042,-0.24
5174.0,0.8,0.05
4504.0,0.601,
6081.0,0.835,-0.5
6400.0,1.236,
6332.0,0.981,-0.36
6220.0,1.443,0.13
6098.0,1.297,-0.02
5713.0,0.893,0.07
5495.0,0.9164,0.07
5632.0,0.83,
,1.797,
6038.0,0.898,-0.28
5806.0,1.041,
4385.0,0.706,0.38
6025.0,1.196,0.12
5742.0,0.86,
5358.0,0.86,0.16
5382.0,0.818403,-0.07
6267.0,1.32,0.03
5950.0,1.131,-0.3
4947.0,0.834,
5545.0,1.49,
,,
5784.0,1.147,0.05
5000.0,0.88,0.15
6308.0,1.153,-0.08
5717.0,0.884,0.0
5397.0,0.83,-0.09
4883.0,2.69,0.16
5093.0,0.784,0.12
5077.0,0.774,0.0
5665.0,1.095,0.48
5017.0,0.753,0.02
5574.0,0.99,
5788.0,0.94,-0.1
5320.0,0.848,-0.02
4906.0,0.782,
5852.0,0.9,
5272.0,0.74,
4473.0,0.675,-0.244
5583.0,0.79,-0.26
6123.0,1.015,
6388.0,1.683,
6072.0,1.659,-0.09
6237.0,1.683,-0.22
4169.0,0.623,-0.17
5957.0,1.36,0.34
5607.0,0.886,-0.34
5661.0,1.522,0.16
6292.0,1.85,-0.16
4696.0,0.714,
4922.0,0.823,0.2
2566.0,0.1192,
4156.0,0.594,-0.16
5800.0,1.136,-0.46
4397.0,0.577,-0.58
5881.0,1.067,0.14
6036.0,1.017,-0.32
5129.0,1.781,-0.16
5900.0,1.694,0.0
6126.0,1.021,-0.04
6087.0,1.12,0.02
5638.0,0.903,0.14
5230.0,0.88,0.38
5177.0,0.802,0.16
4821.0,0.788,0.16
4912.0,4.142,
5556.0,0.91,0.05
5638.0,1.153,0.32
3722.0,0.51,0.07
5924.0,1.14,0.37
6283.0,0.984,-0.3
3877.0,0.586,0.21
5778.0,1.09304,
6535.0,1.283,0.21
3547.0,0.415961,
5653.0,0.965,0.02
6085.0,1.634,0.14
4883.0,0.749,-0.08
6225.0,1.584,0.0
5665.0,1.095,0.48
3710.0,0.549,
3133.0,0.222121,
4877.0,2.595,0.16
3801.0,0.529,
6050.0,1.21,0.13
5937.0,0.832,-0.4
5188.0,0.973,0.32
3327.0,0.189,-0.38
6510.0,2.48,0.1
6281.0,1.24,-0.05
5275.0,0.76,
5986.0,1.2589,-0.159
,1.088,
6018.0,1.286,0.06
6405.0,1.58,
5037.0,0.768,0.08
5779.0,0.85,
6076.0,1.15,-0.06
6103.0,0.949,-0.2
5692.0,0.96,0.04
6086.0,0.921,-0.26
6072.0,1.047,-0.08
5081.0,0.77,0.12
6128.0,1.36,
6095.0,0.96,
5228.0,0.755,-0.14
4128.0,0.623,
5569.0,0.93,0.04
5614.0,0.91,-0.03
6038.0,0.898,-0.28
5376.0,0.792,
6244.0,1.299,-0.27
5498.0,0.879,
4621.0,0.668,-0.24
6036.0,0.949,-0.16
6046.0,0.972,-0.08
5213.0,0.81,
5240.0,0.79,-0.04
5850.0,0.96,-0.14
6179.0,1.25,0.04
5603.0,0.898,
5644.0,0.922,
,0.824,
6350.0,,
5697.0,1.06,
5205.0,0.8686,0.223
6282.0,1.549,-0.4
6172.0,1.471,0.16
5854.0,0.867,-0.76
3727.0,0.5,0.04
6299.0,0.983,-0.32
3880.0,0.49,-0.28
5315.0,0.816,
6332.0,1.2561,0.08
6277.0,1.207,-0.1
4722.0,0.819,
3761.0,0.46,-0.21
6187.0,1.238,0.26
5529.0,0.808,
5462.0,0.946,0.16
6308.0,1.472,0.04
4897.0,0.75,0.07
5842.0,1.212,-0.18
3658.0,0.34,-0.59
5814.0,1.248,0.16
5989.0,1.219,0.06
6481.0,1.17,
5648.0,0.896,-0.43
3756.0,0.586,
6475.0,1.32,
5788.0,1.376,0.12
,,
5725.0,1.064,0.18
4859.0,0.757,-0.02
3841.0,0.5,-0.18
3896.0,0.561,-0.32
5231.0,0.825125,0.21
4746.0,0.877591,
2559.0,0.117,0.04
6053.0,1.277,-0.1
5910.0,0.94,-0.02
5380.72,0.817705,-0.143
3505.0,0.337,-0.12
5150.0,0.793,0.08
4356.0,0.700727,
5546.0,0.956,0.44
5990.0,1.09,
5214.0,0.98,
5593.0,0.722,
6035.0,1.257,-0.28
5166.0,0.827,
5942.0,0.938,-0.06
5416.0,0.787,0.12
5258.0,0.793,0.04
6175.0,1.472,
5313.0,1.501,0.12
5739.0,1.384,0.3
3744.0,0.516,0.06
6123.0,1.766,
5211.0,0.799,0.0
5697.0,0.973,0.28
4999.0,0.76,0.06
5948.0,0.994,-0.06
4757.0,0.762,0.02
6295.0,1.236,-0.14
5508.16,1.11563,
5694.0,0.84,
5876.0,1.06,0.05
6085.0,1.632,0.07
6080.0,1.2,-0.12
5527.0,1.054,0.26
5217.0,0.794,
4399.0,0.684,
5880.0,0.917,-0.06
6125.0,1.383,0.24
3834.0,0.48,-0.25
5471.0,0.85,-0.12
5449.0,0.86,
5638.0,0.909,-0.081
4985.0,0.739,
6003.0,1.144,-0.12
6009.0,1.13,-0.01
5760.0,1.051,-0.42
6293.0,1.682,-0.3
5347.0,0.823,0.18
6043.0,1.097,-0.16
3930.0,0.57,-0.33
5722.0,1.185,0.07
5090.0,2.738,
5746.0,0.921,-0.4
5873.0,1.18,
5052.0,0.855,0.16
6717.0,1.55,
9918.0,1.82241,
5485.0,0.867,0.21
5910.0,0.94,-0.02
6003.0,0.932,-0.14
5555.0,1.577,-0.1
6343.0,1.77,0.07
5653.0,0.857,-0.04
6449.0,1.273,-0.28
6131.0,1.024,-0.04
6370.0,1.09,
5937.0,0.832,-0.4
4225.0,0.693431,
5754.0,1.718,
5757.0,0.881,-0.06
5555.0,0.87,-0.13
5370.0,0.962287,
,0.656,
5685.0,0.893,-0.06
3396.0,0.28,-0.1
6405.0,1.1,
5219.0,0.851,0.16
4954.0,0.885,0.44
6426.0,1.154,-0.12
5804.0,1.16,
3332.0,0.354529,
4695.0,0.63,
5457.0,0.8426,-0.079
3790.4,0.5848,0.522
5299.0,0.84,
6089.0,1.19,-0.12
,,
5758.0,0.847,-0.28
5851.0,1.411,0.27
6072.0,1.659,
3743.0,0.488,-0.1
5213.0,0.917,0.14
5009.0,0.84,0.16
,,
5649.0,0.9593,-0.018
5642.0,0.979,-0.27
5121.0,0.888,0.18
4505.0,0.658,-0.2
6456.0,1.075,-0.54
6495.0,1.14,
5002.0,0.753,-0.18
5815.0,0.954,-0.3
4024.0,0.6,
5916.0,1.66978,
5237.0,0.826,0.24
6080.0,1.2,-0.12
5837.0,1.159,0.0
5079.0,0.788,-0.04
5412.0,0.843,0.14
6306.0,1.79,
5798.0,0.999,-0.16
5596.0,1.2406,
6264.0,1.07,
6079.0,0.945,-0.2
,,
5854.0,1.091,
5905.0,1.123,
5706.0,1.049,
6302.0,1.269,-0.18
5307.0,0.757,-0.28
6003.0,1.551,0.235
5839.0,1.173,-0.28
7070.0,2.04,-0.06
,0.96,
5802.0,1.09,0.03
5592.0,1.451,0.16
5497.0,0.941,
5217.0,0.78,-0.28
6214.0,1.297,-0.16
5897.0,1.081,-0.1
5865.0,1.272,0.16
6100.0,1.828,-0.27
6220.0,1.41,-0.2
6459.0,1.458,0.13
6282.0,1.549,-0.4
6011.0,1.03,-0.04
3901.0,0.578,
4992.0,3.79,0.04
5127.0,0.79,0.01
5957.0,0.91,
5835.0,0.847,-0.24
6495.0,1.168,-0.1
5666.0,1.071,
6044.0,1.327,-0.24
5609.0,0.82,
6192.0,1.23,-0.46
5934.0,1.055,-0.3
5401.0,0.777,-0.16
5450.0,0.945,
5620.0,1.39,-0.18
6032.0,0.973,-0.06
5333.0,0.814,0.14
5346.0,0.952,0.04
5275.0,0.787,0.0
5738.0,0.981,-0.06
6047.0,1.129,-0.08
,0.64,
4699.0,0.778,0.11
5870.0,0.983,-0.06
6680.0,1.319,0.07
6428.0,1.156,-0.1
5044.0,0.76,-0.07
5508.0,0.88,
4563.0,0.642,-0.32
5832.0,1.387,-0.06
4452.0,0.729635,
5302.0,1.11,0.24
6094.0,1.803,0.09
5773.0,0.99,0.02
6028.0,1.022,-0.14
5941.0,1.692,0.04
6174.0,2.114,0.22
6059.0,2.14325,
4783.6,0.735345,
5657.0,1.367,
5657.0,0.855,-0.26
5449.0,0.86,
5680.0,1.103,0.12
5471.0,1.056,
5983.0,0.93,
4476.0,0.637,-0.2
3659.0,0.54,0.376
6028.0,1.454,0.14
5520.0,0.99,0.2
5046.0,0.693,-0.06
4442.0,0.648,-0.2
6292.0,1.267,-0.08
5432.0,0.78,
6373.0,1.38,-0.16
5513.0,0.724,-0.48
4255.0,0.63,-0.04
6088.71,1.32375,
5966.0,0.961,-0.02
5988.0,1.572,0.18
4932.0,0.492,-2.5
3551.0,0.374358,
4493.0,0.613,
,0.831,
5822.0,0.986,-0.1
6122.0,0.964,-0.18
6138.0,1.23,0.12
6238.0,1.054,-0.4
5648.0,0.905,
5853.0,1.247,0.0
5311.0,0.685,
4987.0,0.773,-0.08
6295.0,1.236,-0.14
5632.0,1.155,0.06
5854.0,1.546,0.34
5533.0,1.072,0.16
5741.0,0.97,0.11
5195.0,0.699,-0.36
4910.0,0.892,0.56
6177.0,1.359,
5490.04,1.5819,
5168.0,0.769,-0.12
4852.0,0.804,0.2
4243.0,0.641,0.02
5280.0,0.751,-0.42
4835.0,0.719,-0.07
5787.0,0.851,-0.18
5647.0,1.391,0.34
5500.0,0.682,-0.82
4683.0,0.724,0.28
5235.0,0.836,0.26
6150.0,1.417,0.16
4658.0,0.69,-0.06
5019.0,0.712,
3410.0,0.334,-0.11
6177.0,0.906,-0.4
4976.0,0.717,-0.24
6007.0,0.961,-0.24
5800.0,1.941,
5174.0,0.751,-0.12
6251.0,1.35,0.18
4263.0,0.643,
5656.0,1.162,
5637.0,0.849,
5887.0,1.843,-0.18
4977.0,0.85,
5845.0,0.874,-0.16
4880.0,0.622,
4923.0,0.715,
3030.0,0.2075,0.164
4347.0,0.7,
5667.0,0.927,-0.19
6244.0,1.009,-0.2
3983.0,0.54,-0.2
4807.0,1.802,0.48
5661.0,1.522,0.16
5622.0,1.18,
5859.0,0.886,
5142.0,0.755,-0.06
5970.0,1.2,0.1
6090.0,1.35,
6326.0,1.377,
5494.0,1.58042,
5583.0,0.995,
5411.0,0.808,
6566.0,1.428,-0.077
5531.0,0.908,
6213.0,1.195,0.36
,0.803,
5264.0,0.744,0.12
4810.0,0.772,
6242.0,1.09,
5853.0,0.89,
6158.0,1.21,
5788.0,0.971,0.08
3816.0,0.51,-0.05
,0.642,
5188.0,0.795,-0.04
5984.0,0.906,-0.2
5311.0,0.85,
6008.0,1.003,-0.14
5188.0,0.685,-0.4
5553.0,1.107,0.14
5921.0,1.045,-0.26
6184.0,1.188,0.12
5897.0,1.259,0.02
5264.0,0.761,
5443.0,0.911,-0.18
5265.0,1.002,0.46
5513.0,0.935,
4056.0,0.56,-0.23
3903.0,0.523,-0.2
3896.0,0.56,-0.32
,1.22,
5934.0,1.055,-0.3
5870.0,0.89,
5657.0,1.046,0.0
6224.0,1.113,
4562.0,0.644,
5735.0,0.96,-0.03
,,
3555.0,0.4,-0.07
5885.0,1.028,
5216.0,0.79,0.06
9107.0,3.031,0.07
,,
6149.0,1.5092,0.16
5198.0,0.8,-0.06
4505.0,0.658,-0.2
4919.0,0.72,-0.18
6063.0,1.358,0.34
5497.0,1.052,0.36
6434.0,1.138,-0.1
6290.0,1.506,0.12
6266.0,1.522,-0.28
5391.0,0.8,0.13
5052.0,0.855,0.16
6081.0,1.675,
6220.0,1.328,0.02
6383.0,1.47,0.06
6122.0,0.964,-0.18
3415.0,0.3155,-0.46
5913.0,1.16,
6072.0,1.047,-0.08
3339.0,0.288,0.0
,1.153,
3225.0,0.2106,0.04
6097.0,1.242,0.04
5788.0,1.015,0.16
6320.0,1.759,
,,
5783.0,0.939,0.0
5231.0,0.781,0.0
5215.0,0.8,
6363.0,1.035,-0.26
4486.0,0.571,
5141.0,0.876154,
5762.0,1.196,0.1
5573.0,0.933,
5707.0,0.84,
3744.0,0.5,0.13
5321.0,0.82,-0.04
6457.0,2.13,
4728.0,0.746,
3842.0,0.526,-0.1
6781.0,1.067,-0.58
5793.0,0.87,
4709.0,0.685,-0.08
5473.0,1.2,
5898.0,1.752,-0.01
3260.0,0.358,0.27
5357.0,0.863,0.0
6072.0,1.286,-0.76
5080.0,0.771,0.09
3807.0,0.47,-0.26
6053.0,1.058,
5738.0,1.238,-0.1
,0.577,
6094.0,1.838,
4530.0,0.657,-0.1
,,
5936.0,1.035,
5422.0,1.782,0.02
5444.0,0.88,0.0
6220.0,1.328,0.02
5911.0,1.171,0.22
6224.0,0.969,-0.72
6021.0,0.819,-0.5
5363.0,1.58,
6109.0,1.179,-0.08
5522.0,0.998,
5510.0,0.803,-0.16
3762.0,0.53,-0.11
,1.022,
6360.0,1.518,-0.21
5052.0,0.816,0.02
6640.0,2.62,0.14
5605.0,1.975,
5876.0,1.685,
5493.0,0.982,
5984.0,0.906,-0.2
5514.0,1.071,0.16
6228.0,1.049,-0.08
3022.0,0.242745,
4940.0,3.569,
6046.0,0.972,-0.08
5079.0,0.739,-0.1
5957.0,0.937,-0.08
5750.0,0.835,-0.38
4994.0,3.818,0.08
3560.0,0.41,-0.08
5848.0,1.359,
6285.0,1.12,
4648.0,,-0.25
5772.0,0.899,-0.22
6334.0,1.037,-0.32
3437.0,0.483,-0.12
5828.0,1.548,-0.05
4665.0,0.685,-0.01
6418.0,1.171,0.07
5413.0,0.747,-0.34
6105.0,1.287,
3808.0,0.522,-0.02
6118.81,1.56229,
5496.0,0.983,0.14
6020.0,1.976,0.16
6364.0,1.269,-0.22
5608.0,0.94,0.08
5251.0,0.847,0.22
5781.0,1.557,0.34
5217.0,0.81,0.03
6330.0,1.5,0.05
5496.0,0.827,-0.46
4740.0,0.71,-0.05
5527.0,0.88,-0.08
5626.0,1.419,
5324.0,0.791,-0.04
5530.0,0.845,0.07
5659.0,0.83,
6004.0,1.12,-0.14
5733.0,1.209303,0.47
5650.0,1.2,0.14
5905.0,0.97,
6089.0,1.264,
5148.0,0.8,0.04
5565.0,0.802,-0.2
5782.0,0.86,
5093.0,0.847,0.08
4825.0,0.732,0.08
4366.0,0.455,-1.46
6037.0,0.95,
5095.0,0.771,-0.2
6415.0,1.4,
6103.0,0.949,-0.2
,1.345,
,0.21,
5536.0,0.87,-0.11
5755.0,0.99,0.03
5709.0,0.88,-0.12
6125.0,1.394,
6184.0,1.038,-0.06
5726.0,0.937,0.12
6210.0,1.033,-0.1
,,
5673.0,0.975383,
6662.0,1.488,
,,
5576.0,1.747,0.421
3506.0,0.38,
5897.0,1.081,-0.1
5176.0,0.738,-0.18
5274.0,0.851795,
5897.0,0.834,-0.34
5958.0,1.17925,-0.199
6250.0,1.48,0.43
3871.0,0.532,0.07
6077.0,1.027,-0.02
3347.0,0.364,0.11
6177.0,1.043,-0.14
5650.0,0.899,-0.04
6325.0,1.64,0.11
4909.0,0.724,0.11
6134.0,1.29,
4700.0,0.86,0.15
3240.0,0.27,
3903.0,0.504,
5866.0,0.903,-0.18
6364.0,1.48,0.09
4049.0,0.604,
5228.0,0.755,-0.14
4665.0,0.681,
4362.0,0.554,-0.5
4486.0,0.460589,-0.21
5588.0,1.498,0.12
4922.0,0.7,
5681.0,0.889,0.13
5978.0,1.202,
5686.0,1.483,
5668.0,0.868,-0.02
5579.0,0.91,0.0
4345.0,0.521,-0.86
5487.0,0.94,0.13
,1.047,
5772.0,0.956,0.1
4739.0,0.654,
5131.0,0.839,0.03
5580.0,0.843154,-0.25
5933.0,1.026,-0.09
5372.0,0.916,-0.02
4938.0,0.747,0.03
5500.0,0.682,-0.82
5106.0,0.803,-0.08
4653.0,0.659,
5695.0,1.248,0.04
6461.8,1.33,
5611.0,1.791,0.02
4918.0,0.76,
6025.0,1.34,0.07
5578.0,0.99,-0.005
5864.0,0.842,-0.28
5763.0,1.38,0.11
5735.0,0.831,-0.3
3169.0,0.24,0.38
4347.0,0.571,
6110.0,1.296,0.16
5422.0,0.887,0.02
3522.0,0.458,-0.01
6266.0,1.65,
3750.0,0.46,-0.18
6139.0,1.752,
,0.773,
5843.0,1.03,
5575.0,0.834,-0.08
3760.0,0.46,-0.27
4498.0,0.586,
,,
5618.0,0.92,0.0
5656.0,0.998,0.01
5614.0,0.827,-0.14
6300.0,2.475,
4954.0,0.719,
6048.0,1.13,0.0
5754.0,0.834976,
5100.0,0.768,
6014.0,1.433,
5795.0,0.853,-0.3
5917.0,1.239,-0.08
5819.0,1.514,
6319.0,1.032,-0.22
6285.0,2.558,
6139.0,1.727,0.29
5926.0,0.939,-0.04
5864.0,1.15,
5376.0,0.806,-0.02
6733.0,1.8,0.07
5814.0,1.06,
3370.0,0.232,-0.13
5613.0,1.044,0.39
5517.0,0.8,
5492.0,0.812,-0.08
5253.0,2.271,-0.03
6158.0,0.835,
5952.0,1.323,-0.08
5157.0,0.818,-0.08
5750.0,0.835,-0.38
5460.0,1.03,0.11
5935.0,1.044,
6640.0,1.26,
5229.0,0.877,0.07
6202.0,1.11,0.0
6194.0,1.266,0.12
5605.0,1.613,0.17
6112.0,1.037,-0.2
4832.0,0.663,
,0.73,
5403.0,0.982638,
4238.0,0.61,-0.12
5968.0,0.881,-0.26
5815.0,0.954,-0.3
5598.0,1.03,
5355.0,0.803,0.0
4971.0,0.75,-0.05
6305.0,1.011,-0.26
5673.0,0.890666,-0.1
5821.0,0.848,-0.22
5330.0,0.87,0.04
5649.0,1.029,0.12
6004.0,0.977,-0.02
4949.0,0.741,-0.18
6324.0,1.147,-0.1
,1.439,
5770.0,0.968,0.07
5858.0,0.963,0.1
3896.0,0.561,-0.32
5900.0,1.694,0.0
6049.0,1.251,-0.1
5854.0,0.979,0.06
5042.0,0.783,
6264.0,1.019,-0.24
5842.06,1.0519,
5421.0,0.86,
5046.0,0.693,-0.06
4175.0,0.544,-0.46
,1.61,
,0.801,
6282.0,1.22,
5896.0,0.916,-0.08
4768.0,0.779,0.18
6110.0,1.109,-0.02
,0.937,
6450.0,1.222,-0.06
3350.0,0.373,
5529.0,0.832,-0.2
5556.0,0.93,0.08
4980.0,0.734,-0.04
6034.0,1.28,
5691.0,0.84,
5265.0,0.781,-0.1
5751.0,0.945,
,0.773,
5029.0,0.77,0.01
6021.0,1.141,
3565.0,0.512,
5260.0,0.844379,
5883.0,1.074,-0.16
5237.0,0.837,-0.12
5523.0,0.832,-0.02
5900.0,0.951,0.07
5282.0,0.789,
,0.215,-0.25
3580.0,0.473,0.12
,0.945,
5200.0,0.843,
6011.0,1.12,0.03
6110.0,1.871,0.06
5800.0,1.17,-0.45
,1.0849,
5703.0,1.22,
5391.0,0.79137,-0.3
5529.0,0.922,0.17
5225.0,1.01,0.07
3539.0,0.49,0.08
3712.0,0.525,
5100.0,0.945,0.36
5772.0,1.003,-0.38
5083.0,0.844,0.22
5747.0,1.357,0.03
6173.0,1.108,0.21
5248.0,0.83,
5579.0,0.798,-0.22
6501.0,1.854,0.1
6063.0,1.012,0.07
6095.0,1.5082,-0.1
6540.0,1.719,-0.05
5006.0,0.829,0.12
5288.0,0.728,
5721.0,0.908,0.0
5646.0,0.841,-0.14
5470.0,0.849,-0.17
6446.0,1.155,-0.1
4818.0,0.856,0.56
5800.0,1.012,-0.08
5828.0,1.068,
4070.0,0.51,-0.53
5637.0,0.943,-0.3
5973.0,1.15,
4564.61,0.637495,
6429.0,1.54,-0.18
8549.0,2.12128,
5881.0,1.029,-0.16
5950.0,1.29,
5169.0,0.81,
5780.0,1.0,
5791.0,0.95,-0.05
5735.0,1.028,-0.2
6217.0,1.247,-0.32
5800.0,1.012,-0.08
5850.0,0.964,-0.15
3807.0,0.47,-0.26
6287.0,1.13,-0.28
3906.0,0.509,-0.32
6270.0,1.309,-0.04
4505.0,0.658,-0.2
6170.0,0.992,-0.16
5640.0,2.789,0.1
4660.0,0.71,0.07
6065.0,1.155,0.0
,,
6695.0,1.61271,
4591.0,0.64,-0.31
5904.0,1.82,0.025
,0.75,
3807.0,0.47,
5767.0,0.881,-0.06
5264.0,0.744,0.12
5552.0,1.137,0.38
5808.0,1.236,0.32
6077.0,0.999,-0.04
4641.0,0.747,0.16
6045.0,1.689,0.0
6238.0,1.054,-0.4
5279.0,0.8,-0.07
5625.0,1.16,0.34
6181.0,1.368,0.07
5297.0,0.775,
5134.0,0.76,
6218.0,2.146,0.25
5195.0,0.69,-0.56
5257.0,0.86,0.17
5977.0,1.19,-0.01
6084.0,1.358,-0.06
5815.0,0.877,-0.12
5712.0,0.989,-0.44
5345.0,1.108,0.19
4825.0,0.732,0.08
5430.0,1.71,0.2
6052.0,1.202,-0.12
3975.0,0.509,-0.34
5782.0,1.45,0.18
5617.0,0.806,-0.22
5297.0,0.806,0.05
,1.188,
,,
6040.0,1.15,0.02
6347.0,1.373,-0.32
4901.0,0.716,0.04
6098.0,1.297,-0.02
5969.0,0.92,
4618.0,0.643,
5168.0,0.769,-0.12
5364.0,0.754,-0.54
5877.0,1.265,-0.04
4505.0,0.658,-0.2
5467.0,0.856,-0.14
5382.0,0.93,0.04
4699.0,0.765001,
5261.0,0.86,0.04
3898.0,0.54,-0.09
5741.0,0.856,-0.16
5866.0,1.459,
5305.0,0.818,-0.26
6031.0,1.046,0.07
5656.0,0.897,0.18
4401.0,0.595,-0.38
,0.982,
6050.0,1.331,0.01
4508.0,0.68,-0.01
6820.0,1.75,0.09
,0.782,0.2
3887.0,0.48,-0.36
6013.0,1.03,
6075.0,1.42,0.0
4813.0,0.69,
5751.0,0.854,-0.14
5708.0,0.893,-0.02
3528.0,0.4684,0.148
6187.0,1.034,-0.26
5487.0,1.06,0.19
5979.0,1.634,-0.18
5003.05,0.783768,
4876.0,0.853,0.42
,,
5684.0,1.761,
5588.0,0.796,-0.3
5871.0,1.04,0.02
5371.0,0.797,0.07
5561.0,0.836,-0.06
5760.0,0.93,
6241.0,0.998,-0.48
5920.0,2.26,0.18
5196.0,0.657,-0.54
5430.0,0.86,0.1
6534.0,1.23,
5331.0,0.764,
5330.0,0.726,-0.32
6460.0,1.434,0.4
6283.0,1.1,
4110.0,0.532,
,,
5508.0,0.771,-0.28
5232.0,0.806,
3805.0,0.497,-0.1
5717.0,0.884,0.0
3903.0,0.523,-0.2
6170.0,0.992,-0.16
3740.0,0.48,-0.08
5911.0,0.887,-0.2
5731.0,1.09,
5400.0,0.84,-0.12
5933.0,1.115,-0.06
6042.0,1.47996,
4402.0,0.695095,
5718.0,1.48,-0.18
5783.0,0.86,-0.34
5437.0,2.074,
3681.0,0.512,0.07
4848.0,0.769,0.34
5908.0,0.9,
6038.0,1.744,0.34
5542.0,1.01738,
5835.0,0.847,-0.24
5766.0,1.09,
4761.0,0.64,-0.4
5685.0,0.96,0.02
3813.0,0.477,-0.3
6099.0,1.028,0.02
,,
6308.0,1.153,-0.08
4024.0,0.6,
6300.0,1.48,
5630.0,0.92,-0.03
5602.0,1.1,0.12
5944.0,1.94,0.05
6017.0,1.35,
6214.0,1.076,0.07
6202.0,1.945,
6220.0,1.066,-0.1
6328.0,1.013,-0.28
5638.0,0.928,-0.42
5354.0,0.788,-0.08
5947.0,1.655,
,0.455,
5973.0,0.976,-0.06
5990.0,1.42,0.39
6170.0,1.28,-0.01
5726.0,1.243,-0.06
6060.0,1.15,0.03
5863.0,0.97,
4197.0,0.7,
6007.0,1.42,0.07
5463.0,0.91,0.16
5455.0,0.909,-0.2
6056.0,1.381,0.1
4884.29,0.75,
6006.0,1.082,0.07
,0.845,
6220.0,1.328,0.02
6238.0,1.054,-0.4
5391.0,0.84,
3750.0,0.46,-0.18
5790.0,0.9,-0.02
6260.0,1.518,-0.044
5731.0,1.231,0.16
5046.0,0.693,-0.06
5806.0,1.6,
5685.0,1.06,
4928.0,1.688,0.48
3672.0,0.49,0.09
4620.3,0.667193,
5516.0,0.967,-0.06
6250.0,1.39,-0.1
5266.0,0.829,-0.18
6282.0,1.048,-0.28
5780.0,0.97,0.08
5611.0,0.9,-0.06
5427.0,0.88,
6566.0,1.47,0.0
4630.0,0.69,-0.1
5428.0,1.058,0.0
4985.0,0.739,
6169.0,1.343,
4540.0,0.69,0.1
5223.0,0.885,0.32
6444.0,1.112,-0.22
3729.0,0.514,0.06
6692.0,1.351,-0.14
5909.0,1.23,
5841.0,0.931,0.07
5516.0,0.967,-0.06
5755.0,0.808,
6109.0,1.36,0.14
5911.0,0.954,
5254.39,0.922861,
5516.0,0.94,
6099.0,1.146,0.0
5913.0,1.22,0.03
,1.323,
6071.0,1.2,
4486.0,0.597,
5617.0,0.99,
6149.0,0.823,
5706.0,0.92,-0.11
6278.2,1.89121,
5820.0,1.02,0.2
5463.0,0.8,
,0.616,
5872.0,1.18,0.08
6060.0,1.095,-0.26
3304.0,0.26,0.0
5417.0,0.77,-0.32
,1.321,
6942.0,2.09,
6280.0,1.72958,
5789.0,0.9,
6035.0,1.135,-0.14
5648.0,0.896,-0.43
5692.0,1.265,-0.04
5273.0,0.79,-0.17
5895.0,0.892,
4750.0,0.729,0.12
5738.0,0.981,-0.06
5815.0,0.877,-0.12
5385.64,0.933361,
6069.0,1.39,0.1
5262.0,0.816,0.21
3914.0,0.706,
5195.0,0.69,-0.56
5847.0,1.135,-0.12
6412.0,1.04,-0.3
5089.0,0.72,-0.16
5467.0,0.856,-0.14
5969.0,0.92,
5541.0,1.17,
5646.0,1.08,0.22
5251.0,0.849,0.0
6169.0,1.424,0.09
5245.0,0.903,
6126.0,1.079,-0.3
4306.0,0.636,
4159.0,0.583,-0.24
6082.0,1.014,-0.08
8500.0,1.751,0.0
5461.0,0.86,0.09
3682.0,0.44,-0.11
4396.0,0.588892,-0.44
6137.0,1.13,-0.04
3317.0,0.3243,-0.15
5672.0,0.754,-0.52
5195.0,0.699,-0.36
6343.0,1.137,0.07
5251.0,0.81,
3618.0,0.436,-0.195
5547.0,0.92,0.04
5445.0,1.46,-0.06
3337.0,0.276,-0.34
5826.0,0.88,
5131.0,0.68,-0.46
5546.0,1.592,0.14
5881.0,0.848,-0.66
6169.0,1.424,0.09
4771.0,0.696,-0.22
,,
5196.0,0.657,-0.54
5257.0,0.874,-0.02
5906.0,1.073,-0.16
5936.0,0.965,0.07
5170.0,0.807,0.18
6273.0,1.139,-0.06
6395.0,1.186,0.02
4821.0,0.711,
5834.0,0.797,-0.44
5817.0,1.171,0.0
6696.0,1.8,
5064.0,0.741,
6043.0,1.014,
5648.0,0.95,0.04
5695.0,0.872,-0.02
5081.0,0.799,0.15
5529.0,0.832,-0.2
3496.0,0.344,-0.04
5191.0,0.826,0.08
5775.0,1.053,0.16
4808.0,0.73,0.02
6224.0,0.969,-0.72
4294.0,0.579,-0.26
5265.0,0.785,
5121.0,0.75,
5808.0,1.54,
5979.0,1.45,
,0.64,
5605.0,0.848,
5701.0,1.066,0.27
5611.0,1.686,0.241
6087.0,1.41,0.03
,,
6090.0,1.043,-0.2
5345.0,0.86,-0.12
5950.0,1.34,-0.02
4111.0,0.66,
5979.0,1.005,-0.34
5481.0,0.815,-0.06
5736.0,1.07,
5552.0,1.137,0.38
4800.0,0.74,0.0
5854.0,1.01613,-0.03
,0.963,
5395.0,0.734,-0.34
4967.0,0.67,-0.36
6098.0,1.297,-0.02
5640.0,1.055,0.165
6050.0,0.886,
5326.6,1.01342,
6066.19,1.4457,0.2142
5099.0,0.812,0.05
5732.0,1.26,0.23
5936.0,0.965,0.07
5811.0,0.9,
5987.0,1.043,0.1
5153.0,0.759,-0.04
6363.0,1.035,-0.26
5404.0,1.149,
3861.0,0.52,-0.05
5657.0,1.046,0.0
5979.0,1.1,0.04
6616.0,1.298,0.07
6000.0,1.147,
4070.0,0.6,-0.02
3896.0,0.56,-0.32
5741.0,0.856,-0.16
5683.0,0.94,-0.09
5841.0,0.88,
4584.12,0.758575,
5827.0,1.526,
5970.0,1.131,0.06
6063.0,1.001,-0.02
6000.0,1.768,0.34
4572.0,0.616,
5629.0,1.17,0.414
6021.0,1.458,-0.34
4097.0,0.6,-0.05
5586.0,1.818,
5489.0,0.798,-0.16
4315.0,0.61,-0.16
,0.616,
,0.735,
6266.0,1.522,-0.28
5770.0,0.968,0.07
5484.0,0.788,-0.22
6418.0,1.171,0.07
5781.0,0.83,
5528.0,0.83,-0.23
3893.0,0.52,-0.15
3950.0,0.493,-0.46
5440.0,0.796,0.04
,,
6432.0,1.175,-0.46
5957.0,1.051,-0.34
5081.0,0.77,0.12
3560.0,0.544,
5973.0,1.61,
5674.0,0.782,-0.38
6032.0,0.929,-0.18
6277.0,1.097,-0.02
5911.0,0.9,
5569.0,0.868889,-0.06
5950.0,1.302,0.262
5211.0,0.895,0.08
,,
,0.978,
6081.0,1.675,
5779.0,1.087,-0.06
5970.0,0.908,-0.18
5371.0,1.59,
5858.0,0.963,0.1
,0.35,
5741.0,0.833,-0.24
3906.0,0.509,-0.32
5492.0,0.809,-0.06
6002.0,1.058,
5930.0,1.052,-0.04
6102.0,1.026,0.0
5779.0,1.7,
6038.0,1.088,-0.24
6190.0,1.691,
4222.0,0.548,
4233.2,0.73,
6344.0,1.617,
6221.0,1.44854,-0.13
5679.0,0.841,-0.14
5050.0,0.83,0.23
2703.0,0.118,0.0
6360.0,1.261,0.137
5889.0,0.924,-0.16
5908.0,0.954,
4771.0,0.696,-0.22
5278.0,0.815,0.14
5990.0,1.0,0.05
6144.0,0.99,
5725.0,0.85,
5366.0,1.02,0.16
,,
6270.0,1.395,-0.16
2949.0,0.17143,
5413.0,0.86,
4509.0,0.602,
,1.251,
4079.0,0.6,0.03
4718.0,0.67,
6092.0,0.943,-0.22
6354.0,1.258,0.025
4683.0,1.06,
5814.0,1.248,0.16
5593.0,0.945,0.02
6358.0,1.09,
5244.0,1.56,0.12
5900.0,1.17,-0.04
5195.0,0.69,-0.56
,0.894,
6131.0,0.989,-0.2
6300.0,1.578,0.0
5597.0,1.179,-0.088
5401.0,0.835,0.2
5758.0,1.02,0.07
5252.0,0.898,0.04
6689.0,1.335,
6293.0,1.087,-0.46
5914.0,0.987,-0.22
5717.0,1.057,0.18
6474.0,1.403,-0.3
5315.0,0.801,0.33
5788.0,1.495,0.26
5943.0,1.006,0.01
4791.0,0.742,0.07
5750.0,1.63,
5978.0,1.14,0.01
4815.0,0.72,-0.1
6652.0,1.699,-0.32
,0.879,
5795.0,0.853,-0.3
5742.0,1.215,0.26
6209.0,1.048,
5907.0,1.415,0.27
5627.0,1.056,-0.15
5678.0,1.303,0.2
5779.0,0.974,0.14
5541.0,1.295,0.14
5067.0,0.75,-0.08
5174.0,1.75,
5600.0,1.34,
5466.0,0.92499,
3941.0,0.554,-0.04
6190.0,1.17,
5678.0,0.999,
4530.0,0.606,
4935.0,0.816999,
5443.0,0.949,0.27
5963.52,1.20944,-0.441
5536.0,1.41,
6150.0,1.489,0.16
6260.0,1.225,-0.29
5627.0,0.808,-0.24
4806.0,0.729,-0.1
5396.0,0.93,0.4
5222.0,0.81,
3562.0,0.275953,
6050.0,1.3842,0.34
6032.0,1.06,-0.14
6306.0,1.792,0.24
5783.0,0.842,-0.28
3805.0,0.497,-0.1
6078.0,1.432,0.12
,1.283,
4000.0,0.591,
5884.0,0.986,
5253.0,2.361,
5371.0,1.122,-0.12
5566.0,1.099,0.14
5500.0,0.959,0.31
6979.2,1.58746,
4983.0,0.728,0.07
5990.0,1.08,-0.15
5287.0,0.846,0.24
5406.0,0.879,0.2
6125.0,0.98,
5774.0,0.976,
5847.0,1.402,0.26
5238.0,0.752,-0.16
5659.0,1.408,
5448.0,0.677,
,1.0,
3793.0,0.53,-0.01
5968.0,1.857,0.04
5624.0,1.018,0.3
6014.0,2.36468,
5406.0,0.822,0.07
5808.0,1.374,0.14
5780.0,1.0,
6180.0,1.70927,
3950.0,0.592,
5332.0,0.755,-0.22
5917.0,1.342,-0.02
5756.0,0.899,
5448.0,0.872,0.07
5492.0,0.812,-0.08
5895.0,0.941,
6241.0,1.031,-0.14
4684.0,0.71,-0.2
3244.0,0.261162,
6272.0,1.363,0.1
5763.0,1.098,
3822.0,0.49,-0.21
4803.0,0.698,-0.08
5079.0,0.77,-0.08
5915.0,1.008,-0.02
6400.0,1.29,0.2
4041.0,0.567,-0.14
6184.0,1.038,-0.06
4908.0,2.52,0.13
5106.0,0.803,-0.08
5924.0,0.91,
5016.0,0.747,0.02
6963.86,1.88937,
6247.0,0.954,-0.34
5919.0,1.171,0.18
3967.0,0.587,0.06
5760.0,1.062,
5450.0,0.842,0.1
5822.0,0.898,-0.06
4729.0,0.525,-1.42
6320.0,1.273,-0.1
6000.0,1.502,0.021
5518.0,0.96,
5726.0,1.243,-0.06
5380.0,0.940697,
6285.0,1.342,-0.04
5656.0,1.129,-0.2
5028.0,0.779,0.16
5749.0,1.17,0.1
6042.0,1.398,0.17
5760.0,0.92,
5260.0,0.767,0.04
5601.0,0.83,-0.12
5725.0,1.064,0.18
5636.0,0.93,0.04
5450.0,0.93,
5399.0,0.919,
6042.0,1.574,-0.22
5015.0,0.826,0.1
6045.0,1.0,
5963.52,1.20944,-0.441
6199.0,1.24,-0.03
5858.0,0.963,0.1
5519.0,0.97,0.09
3568.0,0.42,0.02
5553.0,1.25,0.16
5796.0,0.871,-0.12
5076.0,0.799,0.1
5196.0,0.657,-0.54
5891.0,1.83,0.12
4551.0,0.68,-0.04
5998.0,1.18,
6166.0,1.08,
5170.0,0.86,0.24
6225.0,1.04,
5233.0,0.835,0.18
4458.0,0.658,-0.16
5178.0,0.778,-0.26
6167.0,1.064,0.07
4648.0,0.607,
3841.0,0.5,-0.18
5413.0,0.751,-0.32
,,
5826.0,0.837,
5855.0,1.268,0.04
6079.0,0.945,-0.2
4299.0,0.511,-0.96
5952.0,1.046,
5843.0,1.03,
6089.0,1.07,
5973.0,0.935,-0.1
5856.0,1.388,
5887.0,1.0321,
5640.0,1.291,0.34
5814.0,0.881,-0.18
3887.0,0.53,-0.08
5722.0,2.069,
6004.0,0.977,-0.02
4375.0,0.621,
6061.0,0.97,-0.1
4507.0,0.724,0.18
5192.0,0.802,0.16
5134.0,0.803348,0.11
5761.0,0.99,0.0
5769.0,0.98,-0.04
6402.0,1.132,
6549.0,1.438,-0.16
4947.0,0.834,
6202.0,1.586,0.141
5289.0,0.76,
4336.0,0.668693,
6100.0,1.083,-0.12
4689.0,0.655,
5400.0,,-0.06
4967.0,0.76,0.01
5594.0,1.3,
5257.0,0.82,
6092.0,0.998,-0.06
5600.0,1.476,
6003.0,0.932,-0.14
4195.0,0.6751,
6084.0,1.283,0.14
5169.0,0.81,
3978.0,0.649,0.19
5330.0,0.932,0.0
4072.0,0.57,-0.17
3788.0,0.472,-0.28
5517.0,1.2,
5486.0,0.79,
5763.0,0.93,
5301.0,0.977,0.16
5977.0,1.075,-0.1
6210.0,1.054,-0.18
5207.0,0.795,0.0
5657.0,1.046,0.0
6153.0,1.762,-0.12
5002.0,0.753,-0.18
4158.0,0.62,-0.01
6237.0,1.116,-0.08
3914.0,0.53,-0.12
5482.0,1.038,0.42
6091.0,0.967,-0.14
5857.0,0.867,-0.36
5508.0,0.887,
4908.0,0.782,0.22
6363.0,1.035,-0.26
6220.0,1.41,-0.2
6097.0,1.19,0.07
6223.0,1.19,0.14
4575.0,0.616,
6004.0,1.12,-0.38
6003.0,1.15,0.09
5227.0,0.838,0.14
6210.0,1.033,-0.1
5804.0,0.845,-0.5
5726.0,0.937,0.12
5237.0,0.826,0.24
5450.0,0.811,
5087.0,0.856841,
5721.0,0.905,0.02
3579.0,0.567309,
5413.0,0.759,-0.28
5608.0,1.07,0.23
5076.0,0.727,-0.16
5945.0,1.163,-0.4
6286.0,1.132,-0.08
5686.0,1.077,
6064.0,1.01,
5342.0,0.76,
5616.0,0.93,0.01
5465.0,0.925,0.02
6046.0,1.09,-0.01
5678.0,0.973,0.12
3809.0,0.38,
6148.0,1.03,-0.24
,0.2064,
6408.0,1.38,
6044.0,1.1,
5032.0,0.593,-0.96
5238.0,0.752,-0.16
5697.0,1.574,0.1
,,
6412.0,1.71,0.06
5988.0,0.934,-0.12
5385.0,0.741,-0.38
4900.0,0.741,0.08
5749.0,0.864,-0.1
6499.0,1.095,-0.34
4082.0,0.56,-0.23
5687.0,0.86,-0.12
6057.0,0.96,
5675.0,0.84,
6505.0,1.163,-0.12
5365.0,0.834,0.0
4951.0,0.71,
5836.0,0.88,
6210.0,1.033,-0.1
4700.0,0.7,-0.11
6167.0,1.107,-0.06
5311.0,0.788,-0.04
5657.0,1.046,0.0
5926.0,0.913,-0.12
4236.0,0.58,-0.29
6228.0,1.049,-0.08
6360.0,1.657,
6213.0,1.486,-0.055
5990.0,3.1,0.2
5977.0,0.801,-0.56
6253.0,0.997,-0.54
5459.0,2.086,0.13
5860.88,1.90361,-0.029
6056.0,0.95,
3098.0,0.235048,
5244.0,0.888,0.02
6138.0,1.04,
6001.0,1.035,
5162.0,0.809,
3902.0,0.637223,
5758.5,1.14,
5157.0,0.77,
6054.0,1.234,0.02
4299.0,0.511,-0.96
3983.0,0.54,-0.2
3944.0,0.485,
6449.0,1.973,0.2
3954.0,0.511,
5149.6,0.77,
5114.0,0.682,-0.4
5674.0,0.84,
5085.0,1.706,
5261.0,0.872,0.04
4484.0,0.594,-0.56
6144.0,1.85,0.13
6482.0,1.19,
5717.0,0.897,-0.3
4153.0,0.538,
3490.0,0.329,
5508.0,0.88,-0.01
3903.0,0.523,-0.2
3789.0,0.46,-0.34
5911.0,1.32,-0.049
6220.0,1.38,0.07
5661.0,0.934,0.0
4252.0,0.559,
6004.0,1.12,-0.38
6450.0,1.12,
5978.0,1.1011,-0.04
4124.0,0.595,
6090.0,1.189,-0.05
6031.0,1.278,-0.22
5436.0,0.894974,
5822.0,2.886,0.06
6110.0,1.109,-0.02
5862.0,0.931,-0.14
5693.0,0.856,-0.08
3853.0,0.62326,
3482.0,0.419457,
6300.0,1.57,0.3
4563.0,0.642,-0.32
5337.0,0.82,-0.09
5588.0,0.832,-0.1
5774.0,0.958,-0.1
6052.0,1.202,-0.12
4661.0,0.645652,-0.33
5631.0,0.802,
6043.0,1.12,
5825.0,1.003,-0.22
,0.808,
6090.0,1.319,
5656.0,0.897,0.18
5392.0,0.86,
3972.0,0.628,0.1
6145.0,1.213,
5590.0,0.82,
5873.0,0.89,
,1.363,
6063.0,1.213565,0.41
3517.0,0.37,-0.07
5734.0,0.98,0.04
3608.0,0.4,-0.2
5747.0,1.357,0.03
4811.0,0.634,-0.58
4302.0,0.586,-0.44
5883.0,0.892,-0.14
5776.0,1.047,-0.24
6260.0,1.39,-0.29
5880.0,0.917,-0.06
5145.0,0.79,
3110.0,0.231,0.0
6310.0,1.499,-0.456
6050.0,1.49,
6184.0,0.959,-0.26
3700.0,0.75,
5259.0,0.8,-0.12
5239.0,0.826,0.0
5960.0,1.61,0.09
5520.0,0.88,-0.03
6081.0,1.66,-0.03
7800.0,1.57458,
5735.0,0.833,-0.22
5751.2,0.993374,
5982.0,2.195,0.343
5870.0,1.09,
5796.0,0.87,
5923.0,1.064,0.09
6116.0,1.21,0.05
4067.0,0.53,-0.42
5187.0,0.7622,-0.032
5830.0,0.876,-0.14
5175.0,0.74,-0.3
6034.0,1.179,0.24
,1.448,
5282.0,0.789,
3939.0,0.57,
5914.0,1.141,0.32
3770.0,0.53,
5620.0,0.84,-0.19
5762.0,1.06,0.06
5389.0,1.5,
5555.0,0.97,
5241.0,0.874,
4648.0,0.675,-0.1
5716.0,0.947599,0.13
6049.0,2.483,0.18
5664.0,0.94,
5833.0,1.022,-0.04
5610.0,1.392,0.15
3782.0,0.32,-0.18
5708.0,0.893,-0.02
5327.0,0.8,0.02
4463.0,0.638,-0.28
5934.0,1.013,0.21
4072.0,0.57,-0.17
6204.0,0.984,-0.3
5130.0,0.8,0.05
6350.0,1.338,0.12
5392.0,0.57,
5817.0,0.89,
5160.0,0.79,-0.02
5729.0,0.98,
6100.0,1.083,-0.12
3630.0,0.456,
4765.0,0.7,
5002.0,0.719,
5650.0,0.87,0.02
6273.0,1.139,-0.06
3236.0,0.193,0.0
4807.0,0.601,
6117.0,1.08,
5032.0,0.593,-0.96
5289.0,0.98,0.24
5872.0,0.97,
6380.0,1.271,0.04
5972.0,1.112,
5035.0,0.791,-0.06
4375.0,0.631,-0.29
5208.0,0.755,-0.32
5280.0,0.751,-0.42
3744.0,0.5,0.13
5941.0,1.085,0.07
5479.0,0.884,0.27
5502.7,0.83,
6098.0,1.297,-0.02
6253.0,0.997,-0.54
5553.0,0.81,
5951.0,1.357,0.12
5788.0,0.984,
6238.0,1.054,-0.4
6395.0,1.186,0.02
4600.0,0.695,-0.092
4188.0,0.59,-0.22
5557.0,0.89,-0.06
5520.0,1.7,0.486
5578.0,0.99,-0.005
5031.0,0.848,0.16
6302.0,1.35,0.02
6154.0,1.74942,
5206.0,0.83,-0.02
5655.0,0.794,-0.3
3485.0,0.461,0.3
5738.0,0.981,-0.06
5630.0,1.045,0.35
4996.0,0.831,0.14
5466.0,0.9,0.27
6277.0,1.031,-0.18
5513.0,0.915,0.08
5926.0,0.913,-0.12
,0.637,
6050.0,1.572,0.14
6080.0,1.17,0.02
5854.0,2.192,0.31
5967.0,1.333718,0.04
5806.0,1.101,0.06
6554.0,1.798,
3499.0,0.436,0.09
6215.0,0.957,-0.3
5275.0,0.845,-0.02
6141.0,1.086,
5884.0,1.338,-0.2
5431.0,0.843,0.12
5757.0,1.11,0.21
,,
4797.0,0.653,-0.46
5960.0,1.334,0.12
4889.0,2.14,
4847.0,0.713,
4973.0,0.773,0.17
4473.0,0.675,-0.244
5904.0,1.82,
5727.0,1.536,
5536.0,1.5,
6097.0,1.949,
5650.0,0.876,0.07
5751.0,0.854,-0.14
3691.0,0.561,
6085.0,1.09,0.12
6153.0,1.109,0.02
5604.0,0.912,0.18
5205.0,0.792,-0.06
4500.0,0.633,-0.32
6112.0,1.643,
4826.0,0.696,
5516.0,0.818,-0.14
5461.0,0.85,
6074.0,1.005,-0.54
5188.0,0.685,-0.4
5526.0,1.085,
3495.0,0.31,
6314.0,1.06,
4896.0,3.55,0.23
6181.0,1.383,
5934.0,0.893,-0.38
4963.0,0.69,-0.42
5794.0,1.03,-0.01
5976.0,1.08,-0.08
3830.0,0.57,0.03
5273.0,0.73,
5117.0,0.722,
,0.257,
6572.0,1.238,0.07
4988.0,0.766,0.1
5787.0,0.96,
5653.0,1.56,0.41
5794.0,1.496,0.14
4013.0,0.52,
5499.0,1.793,
5965.0,1.1,0.04
5997.0,1.614,
4773.0,0.686,-0.11
5776.0,0.917,
5908.0,1.11,
3983.0,0.54,-0.2
3896.0,0.52,-0.2
6417.0,1.207,
5852.0,1.142,
6155.0,1.34,
6331.0,1.442,-0.1
5620.0,1.79,0.12
,1.508,
5679.0,1.035,
5975.0,0.9,-0.44
5675.0,1.657,0.14
4948.0,0.816,0.14
5302.0,0.821,-0.22
5936.0,0.965,0.07
6355.0,0.849,-0.8
6209.0,1.45,0.16
3537.0,0.256,
6220.0,1.443,0.13
6185.0,1.07,
,0.75,
6146.0,0.99,
5827.0,1.447,0.16
6197.0,1.035,-0.08
5374.0,0.78,-0.25
5766.0,1.057,0.0
4505.0,0.658,-0.2
5896.0,0.916,-0.08
6149.0,1.5092,
4989.0,0.727,-0.1
5656.0,0.955,
3810.0,0.52,-0.02
6106.0,1.359,0.33
5553.0,0.943,0.4
3866.0,0.598,0.26
5973.0,1.305,-0.34
5622.0,1.089,0.14
5953.0,1.0,
3480.0,0.42,-0.07
5588.0,1.498,0.12
5534.0,1.08,0.14
6148.0,1.488,-0.1
6003.0,2.193,-0.28
5632.0,1.176,0.14
6224.0,0.969,-0.72
5148.0,0.8,0.04
5637.0,0.815,
6014.0,0.993,0.07
5700.0,1.176,0.34
5545.0,1.014,-0.06
5275.0,0.918,0.06
5097.0,0.7,
5359.0,0.85,
5854.0,1.533,
4128.0,0.725,
4477.0,0.637,-0.2
4735.0,0.7,
5611.0,0.964,
5850.0,0.95,-0.15
6114.0,1.00528,
5789.0,1.124,-0.3
6401.0,1.12,
6075.0,0.969,-0.12
3650.0,0.590525,
5822.0,1.298,
5011.0,1.781,0.07
3853.0,0.447,-0.5
5975.0,1.135,0.13
5709.0,0.818,-0.7
4743.0,0.81,0.4
4915.0,0.773,0.0
5844.0,1.228,0.03
6077.0,0.999,-0.04
4941.0,0.664,
3373.0,0.344,0.02
5356.3,0.863,0.14
3985.0,0.54,-0.22
5346.0,0.952,0.04
6009.0,0.952,
5083.0,0.844,0.22
3623.0,0.348,0.068
3618.0,0.435666,
5718.0,1.094,
6022.0,1.084,-0.04
5513.0,0.915,0.08
4476.0,0.575,
4996.0,0.746,0.0
5347.0,0.829,
5351.0,1.671,-0.36
5151.0,0.86,0.17
5915.0,1.5,
5290.0,0.746,-0.22
6182.0,1.169,-0.13
5800.0,1.633,
5588.0,1.593,0.14
6823.0,1.367,0.07
5445.0,0.929,0.48
5797.0,0.876,
6408.0,2.21,-0.1
3553.0,0.476,0.041
3296.0,0.199988,
4876.0,0.683,
5906.0,0.93,
5216.0,0.8418,0.248
5685.0,1.06,
5616.0,0.903,0.16
5941.0,1.14,0.11
5309.0,0.75,
6389.0,1.343,
5697.0,1.574,0.1
6287.0,1.423,0.22
6167.0,1.003,
5196.0,0.657,-0.54
5588.0,0.881,
4905.0,0.761,-0.04
3841.0,0.5,-0.18
5256.0,0.832,-0.16
4877.0,0.692198,-0.3
5871.0,1.703,0.17
6106.0,0.844,-0.5
4137.0,0.591,-0.22
5210.0,0.83,-0.07
5949.0,1.18,
6522.0,1.215,-0.22
5860.0,1.049,
5387.0,0.966,0.11
6361.0,1.1,
5704.0,1.437,-0.14
5497.0,0.936,0.26
5893.0,1.05,0.03
5508.0,0.88,0.11
5808.0,1.0,0.02
5980.0,1.174,0.13
6036.0,1.131,-0.18
5543.0,0.91,0.04
4897.0,0.759,0.22
6181.0,1.424,0.14
4898.0,0.803,0.14
4767.0,0.727,-0.61
5551.0,0.899,0.1
5071.0,0.77,-0.08
6119.0,1.737,0.25
5976.0,0.93,
6295.0,1.78185,
4321.0,0.546,
5108.0,0.78,-0.03
5738.0,0.819,-0.64
5375.0,2.69,0.17
5680.0,0.92,
4408.03,0.671912,
6198.0,1.63,-0.13
,,
5813.0,0.833,-0.28
6190.0,0.98,-0.24
6033.0,0.917,-0.64
3869.0,0.584,0.21
5441.0,0.904,0.28
6199.0,1.4,-0.11
5741.0,0.922706,-0.36
6362.0,1.144,0.07
5002.0,4.004,
6210.0,1.32,0.01
5462.0,0.88,0.02
5506.0,0.906,-0.18
5299.0,0.826,
4909.0,0.726,
5418.0,0.812,-0.02
6096.0,1.152,0.08
6340.0,1.22,-0.076
4553.0,0.734919,
5492.0,1.016,0.16
5269.0,0.874,0.14
5248.0,0.813,0.04
5915.0,1.115,-0.12
5827.0,0.999,-0.08
5333.0,0.814,0.14
6215.0,1.57,0.28
5949.0,0.962,0.0
5646.0,0.841,-0.14
5603.0,1.664,0.44
5139.0,0.85,0.07
6771.0,1.63,
3694.0,0.464,-0.1
5798.0,0.847,-0.22
3797.0,0.527,
5699.0,1.41,0.3
5578.0,0.886,0.04
5046.0,0.732,
5023.0,0.776484,0.02
6290.0,1.746,0.04
5296.0,0.83,0.01
6345.0,1.012,-0.3
5791.0,0.958,0.21
4673.03,0.670748,
6100.0,1.27299,
6140.0,1.24,
6091.0,0.967,-0.14
6015.0,1.211,
4397.0,0.577,-0.58
6305.0,1.011,-0.26
5781.0,1.596,
5511.0,0.919,
3855.0,0.53,-0.1
5892.0,1.12,0.04
5612.0,0.82,
5160.0,0.977054,
6273.0,1.139,-0.06
5980.0,1.11,0.05
5527.0,0.981,0.31
4213.0,0.675,-0.098
6244.0,1.234,
3517.0,0.37,-0.07
6038.0,1.088,-0.24
5506.0,0.906,-0.18
5721.0,1.229,-0.02
6075.0,0.969,-0.12
5242.0,0.81,-0.06
5244.0,1.56,0.12
5450.0,1.23,0.3
6086.0,1.092,-0.14
8980.0,1.6,-0.02
5455.0,0.913,-0.03
5983.0,1.176,
5406.0,0.879,0.2
,1.332,
5847.0,1.402,0.26
5385.0,0.741,-0.38
3632.0,0.38,-0.34
6008.0,0.875,-0.32
5765.0,0.99,0.04
5543.0,0.813,-0.14
5895.0,0.94,-0.02
5878.0,1.812,0.24
6361.0,1.47,-0.08
5961.0,1.604,
6095.0,1.038,-0.22
5514.0,0.808,-0.16
5313.0,0.82,0.12
5159.0,0.8,-0.16
4884.0,0.749,0.02
5864.0,1.23,0.1
5159.0,0.821,0.16
6283.0,1.768,-0.06
5207.0,0.725,-0.32
5711.0,1.391,0.48
5280.0,0.751,-0.42
3093.0,0.245,0.24
6240.0,1.025,-0.38
5692.0,1.265,-0.04
4574.0,0.7,
5700.0,0.9,
3863.0,0.547,-0.19
5854.0,1.546,0.34
5790.0,0.974,-0.42
5506.0,2.04,
5409.22,1.02101,
6217.0,1.247,-0.32
5081.0,0.77,0.12
,1.413,
5506.0,0.81,
4797.0,0.701,-0.1
6320.0,1.273,-0.1
5852.0,1.129,0.14
6303.0,1.06,
6201.0,0.989,-0.2
5949.0,0.937,-0.1
4898.0,0.803,0.14
4665.0,0.677,0.06
5513.0,0.9598,0.107
5971.0,1.14,
5886.0,0.995311,
5800.0,1.003,-0.4
5674.0,0.87,0.047
5545.0,0.81,
4820.0,0.68,
4500.0,0.69,
5213.0,0.8649,0.168
4912.0,4.063,0.4
5476.0,1.01,0.33
4782.0,0.732,
5718.0,1.5566,0.283
4605.0,6.528,0.29
5791.0,0.95,-0.05
5441.0,0.877,0.04
5067.85,0.784618,
,1.629,
6038.0,1.088,-0.24
4605.0,6.528,0.29
5685.0,1.23,
5700.0,0.91,-0.02
4880.0,0.73,
5935.0,1.092,-0.16
6353.0,1.59,
5299.0,0.826,
5235.0,0.846,
,1.313,
3340.0,0.328,0.07
4997.0,0.746,0.0
6059.0,1.558,0.06
6279.0,1.598,-0.08
5680.0,0.973,0.078
,,
5923.0,1.054,-0.14
,1.27,
4265.0,0.556,
6210.0,1.033,-0.1
5501.0,0.747,-0.48
3563.0,0.4232,-0.109
5467.0,0.856,-0.14
5499.0,0.88,0.0
4299.0,0.511,-0.96
6103.0,0.949,-0.2
5926.0,0.887,-0.2
6297.0,1.369,0.14
6337.0,1.198,0.21
6058.0,1.88,
5026.0,0.77,
3655.0,0.455,
4550.0,0.679,0.0
5693.0,0.875,-0.11
3834.0,0.48,-0.25
6058.0,0.867,-0.4
5579.0,1.07,0.12
5436.0,0.88,0.05
5637.0,0.96,0.0
5669.0,0.92,-0.18
5693.0,0.95,
3554.0,0.506,0.32
3807.0,0.47,-0.26
5611.0,1.073,0.36
5647.0,1.261,0.34
5968.0,0.881,-0.26
5705.0,0.94,-0.08
6103.0,0.949,-0.2
5135.0,0.859,
6442.0,1.535,
5456.0,0.812,-0.1
5884.0,1.127,-0.22
5904.0,1.31,0.24
5285.0,0.78,-0.06
5835.0,1.0,0.0
5697.0,1.639,
5798.0,0.847,-0.22
,1.322,
5172.0,0.81,0.07
5228.0,0.755,-0.14
5952.0,1.002,-0.24
6060.0,0.925,-0.22
3547.0,0.42,
5780.0,1.128,0.04
5513.0,0.753,-0.36
5700.0,0.894563,
6213.0,1.495,-0.055
3514.0,0.398,-0.29
5920.0,1.621,
5751.0,1.247,0.14
5484.0,0.92,0.23
6064.0,0.96,
5957.0,0.937,-0.08
5750.0,0.979,0.21
5718.0,0.856,-0.12
5774.0,0.958,-0.1
6421.0,1.319,
6085.0,1.005,-0.3
5938.0,0.91,
5774.0,0.864,-0.22
4285.0,0.703,-0.12
5948.0,1.208,
4150.0,0.571,-0.14
4991.0,0.804,0.04
6900.0,1.57,-0.03
5503.0,0.79,
5787.0,0.999,0.19
5612.0,0.86,
5849.0,0.919,-0.02
5159.0,0.808,
5588.0,0.863,0.12
5380.0,0.785,-0.2
5592.0,1.031,0.06
,1.659,
5963.0,1.16,0.15
5978.0,1.14,0.01
6388.0,1.037,-0.28
3712.0,0.48,0.18
5838.0,1.614,
6031.0,1.056,-0.06
6050.0,1.013,-0.04
5379.0,0.9,
5106.0,0.803,-0.08
5744.0,1.14,
6260.0,1.614,-0.14
5443.0,0.939,
5601.0,0.9,-0.08
5788.0,1.31,
5478.0,1.053,0.16
4522.0,0.655,-0.22
6098.0,1.13,
6077.0,0.999,-0.04
,,
5910.0,1.43,0.21
5200.0,0.78,
5869.0,0.986872,0.02
6044.0,1.095,
6475.0,1.178,-0.06
5850.0,1.549,-0.103
,,
5774.0,0.88,
5343.48,0.860256,
5188.0,0.973,0.32
6312.0,1.408,
6063.0,1.012,0.07
4908.0,0.781,
5776.0,0.95,0.21
5099.0,0.699,
5798.0,0.941,0.1
3878.0,0.523,-0.1
5760.0,1.051,-0.42
6022.0,1.98,
5154.0,0.798,0.21
6126.0,1.079,-0.3
6054.0,1.306,
,,
4104.0,19.2,
4827.0,0.823,0.32
6082.0,1.014,-0.08
6324.0,1.43,0.1
6174.0,1.103,0.1
5509.0,0.759,-0.6
5841.0,0.931,0.07
,,
4936.0,0.761,-0.08
6169.0,1.117,-0.08
6197.0,1.035,-0.08
7500.0,1.57,0.05
4258.0,0.555,
4848.0,0.716,
5666.0,0.992,
6190.0,1.34,
5889.0,1.412,0.49
6214.0,1.035,-0.36
6100.0,2.35,-0.35
6077.0,0.999,-0.04
3900.0,0.612,
3816.0,0.54,
,,
5311.0,0.685,
6269.0,1.155,0.21
5509.0,0.918,0.12
2559.0,0.117,0.04
4696.7,1.0143,
6277.0,1.031,-0.18
5641.0,0.981,-0.06
4102.0,0.52,-0.51
5441.0,0.904,0.28
6273.0,1.927,0.44
4121.0,0.553,-0.34
5909.0,0.988,0.11
5494.0,0.979,-0.12
4487.0,0.612,-0.44
5703.36,0.952319,
5781.0,1.16,
5823.0,0.96,-0.24
6391.0,1.332,-0.22
5133.0,0.67,-0.46
5474.0,0.89,0.02
6297.0,1.031,-0.2
3359.0,0.288,
5213.0,0.85,-0.09
3327.0,0.189,-0.38
5908.0,0.928,
5862.0,1.149,0.32
5680.0,0.986,
5033.0,0.76,-0.1
5264.0,0.894,
4823.0,0.732,-0.206
5493.0,0.8401,0.017
5900.0,1.1,
6664.0,1.18444,
5858.0,0.849,-0.26
5755.0,0.99,0.03
6602.0,1.397,0.36
5863.0,0.92,
5955.0,1.053,-0.26
4969.0,0.691,
5403.0,0.93,0.43
,,
6302.74,1.45382,
3996.0,0.495,-0.51
5512.0,1.003,
4679.0,0.72,
5411.0,0.86,-0.01
6210.0,1.439,
5604.0,0.82,
4049.0,0.604,
5692.0,0.909,
5656.0,1.162,
5229.0,0.877,0.07
5639.0,1.473,
3886.0,0.545921,
6342.0,1.055,
4955.0,0.72,
5418.7,1.17513,
5430.0,0.86,0.1
5306.0,0.962,
5910.0,1.038,-0.2
4685.0,0.71,0.02
5835.0,0.88,
5926.0,1.504,0.03
5724.0,1.1,-0.22
5749.0,0.864,-0.1
,0.878,
6006.0,1.321,-0.27
3862.0,0.5,
5649.0,1.055,0.48
3879.0,0.56,
5529.0,0.937741,
5817.0,0.98,0.0
4528.0,0.64361,-0.24
4188.0,0.681,
5800.0,1.27,0.17
5511.0,0.72,-0.5
6372.0,2.001,0.04
3043.0,0.188624,
6304.0,1.42749,0.02
6086.0,1.111,0.06
5834.0,0.797,-0.5
5278.0,0.74,
5037.0,0.718,-0.14
5906.0,1.145,0.22
5837.0,1.125,
5285.0,0.78,-0.06
5455.0,0.975,0.35
5982.0,0.96,-0.04
6373.0,1.317,-0.16
5796.0,0.98,-0.02
4750.0,0.729,0.12
5929.0,1.04,-0.06
5236.0,0.92,0.237
4962.0,0.696,-0.1
3185.0,0.275,-0.07
5500.0,0.955,0.0
3522.0,0.457,-0.01
5650.0,0.818,-0.19
,0.642,
6061.77,1.22568,
6308.31,1.2845,
5324.0,0.81,-0.09
5381.0,0.953,
5810.0,2.492,
5296.0,0.74,
,,
4386.0,0.63,-0.26
5432.34,0.878295,0.026
4500.0,0.63908,-0.24
6292.0,1.17,
6179.0,2.17,0.11
5858.0,0.963,0.1
5743.0,0.99,0.03
3884.0,0.606,
5133.0,0.67,-0.46
5501.0,1.91,
4255.0,0.651,-0.28
5501.0,0.918,0.02
5128.0,0.813,-0.11
6340.0,1.24,-0.38
5550.0,0.954,0.46
,1.458,
6266.0,1.34,0.02
5711.0,1.473,-0.33
5638.0,0.928,-0.42
4911.0,0.724,-0.22
5776.0,0.726,-0.72
5832.83,1.33402,
5911.0,1.24,0.02
5822.0,0.986,-0.1
5829.0,0.93,-0.09
5678.0,0.999,
5093.0,0.784,0.12
5079.0,0.739,-0.1
5668.0,0.868,-0.02
5480.0,1.49,
5812.0,1.36,
5185.0,0.793,-0.06
5846.0,1.32,
6343.0,1.137,0.07
5146.0,0.779,0.03
4590.0,0.595,-0.64
5849.0,1.06,0.04
6522.0,1.528,-0.54
5927.0,1.691,0.14
,0.807,
6735.0,1.604,-0.22
5568.0,0.966,-0.04
6103.0,0.949,-0.2
5411.0,0.808,
5339.0,1.433,0.2
5345.0,0.914,0.07
5569.0,1.019,-0.02
5727.0,1.536,
5642.0,1.05,-0.26
6184.0,2.233,0.1
3688.0,0.463,-0.1
4962.0,0.696,-0.1
4965.0,0.76,0.01
5153.0,0.767,-0.18
5394.0,0.9608,0.348
6089.0,1.264,
,0.374,-0.14
4565.0,0.61,
4750.0,0.729,0.12
5420.0,0.868,0.0
5588.0,1.498,0.12
6105.0,2.304,-0.26
4520.41,0.69375,
5804.0,1.285,
5681.0,0.923,0.21
5818.0,1.647,0.24
4380.0,0.53,-0.92
4280.0,0.558,
6227.0,1.32,
5743.0,1.21,0.42
,,
5559.0,1.07,
5971.0,1.14,0.06
,,
6120.0,2.0,0.02
3897.0,0.644287,
4931.0,0.734,0.0
5755.0,1.549,0.24
6352.0,1.1,
,0.424,
6056.0,1.498,0.36
5956.0,0.92,
5982.0,0.879,-0.28
5753.0,1.189232,0.13
5576.0,1.11133,0.36
4238.0,0.61,-0.12
5686.0,1.062,
4366.0,0.639,-0.18
6495.0,1.648,0.22
5707.0,1.58,
4818.0,0.856,0.56
4960.0,0.756,
5239.0,0.826,0.0
5745.0,0.908,-0.52
3678.0,0.744,0.23
5977.0,1.022,0.21
5938.0,0.883,-0.24
5947.0,1.609,0.14
3900.0,0.612,
5241.3,0.997091,
4884.0,0.74,0.03
5749.0,0.978,-0.08
5506.0,0.906,-0.18
,0.76,
4640.32,0.727165,
6096.0,1.17092,
5606.0,0.96,0.11
5881.0,1.102,
,0.936,
5867.0,1.304,
6015.0,1.29,0.098
5870.0,1.05,
3277.0,0.338,0.22
6457.0,1.196,-0.06
5392.0,1.087,0.18
6267.0,1.258,-0.06
5734.0,0.85,
6322.0,1.08,
5559.0,0.914,-0.02
5778.0,1.332,0.4
6362.0,1.378,-0.02
5633.0,0.94,-0.053
4265.0,0.556,
6239.0,1.53,
6162.0,1.21,
6235.0,1.03,
5807.0,1.15,0.138
7369.0,2.22,
6184.0,1.038,-0.06
,,
6330.0,1.53,
5918.0,0.976,
5555.0,0.87,-0.13
5839.0,0.99,-0.07
5212.9,0.757,
4347.0,0.63,-0.14
5569.0,0.954,0.14
6210.0,1.37,0.37
6907.0,1.549,
5363.0,0.76,
5212.9,0.757,
5033.0,0.821,0.06
6200.0,1.448,-0.1
5526.0,0.95,
4924.0,3.588,-0.08
6060.0,2.334,0.25
,0.553,
5800.0,2.16,
4538.0,0.663,-0.2
3845.0,0.53,-0.09
5957.0,0.971,0.07
,,
5608.0,0.963,0.26
5510.0,0.762,-0.32
3878.0,0.523,-0.1
5999.0,0.959,-0.06
5537.0,0.88,0.21
7346.0,1.67,
5470.0,0.85,-0.11
5727.0,0.97,0.0
5749.0,0.864,-0.1
4734.0,1.145,
5511.0,0.886,-0.162
5032.0,0.593,-0.96
5296.38,0.85412,
5938.0,1.739,-0.06
5852.0,0.9,
5171.0,0.71,
4201.0,0.591,-0.2
5741.0,1.008,-0.38
6028.0,1.047,0.21
6015.0,1.051,0.21
6043.0,1.097,-0.16
4132.0,0.554,-0.38
5706.0,1.034,0.0
5106.0,0.796,
4501.0,0.66,-0.09
3927.0,0.58,
5372.0,0.916,-0.02
5674.0,0.782,-0.38
5898.0,1.05,0.03
5498.0,0.856,
,0.662,
5499.0,1.657,0.45
6391.0,1.332,-0.22
5845.0,1.013,0.26
5903.0,1.784,0.48
5071.0,0.811,-0.02
3900.0,0.612,
4870.0,0.74,-0.02
3831.0,0.93,
5697.0,0.92,-0.09
6305.0,1.011,-0.26
5629.0,1.0,-0.078
4955.0,0.688,-0.13
5970.0,1.2,0.1
5581.0,1.05,0.22
,0.8,
5121.0,0.7,
5376.0,0.758,-0.22
5970.0,1.015,0.1
6305.0,1.011,-0.26
5520.0,1.13,0.27
4810.0,0.73,
5602.0,1.362,
6505.0,1.163,-0.12
5307.0,0.85,
6143.0,1.116,-0.2
6085.0,1.005,-0.3
5774.0,0.958,-0.1
4141.0,0.592,-0.22
4057.0,0.523,
5146.0,0.905,0.2
3887.0,0.53,-0.08
4646.0,0.778,0.34
5918.0,1.043,-0.04
5706.0,1.08974,-0.12
5705.0,1.065,
3386.0,0.38,-0.17
5755.0,0.993,-0.14
3457.0,0.376775,
5693.0,0.802,-0.3
4498.0,0.635,-0.08
4299.0,0.68,0.28
4465.0,0.675,
5418.0,0.888,0.36
5960.0,0.906,-0.2
4980.0,0.79,
5500.0,0.928,-0.16
3872.0,0.557,0.12
6370.0,1.434,0.294
4189.0,0.656,0.22
6284.0,1.99,
4249.0,0.557,
7598.0,1.638,-0.405
4504.0,0.72,
6014.0,0.993,0.07
5559.0,0.806,-0.18
4248.0,0.62,-0.09
5880.0,1.433,0.08
5613.0,0.84,-0.16
6038.0,1.123,
6236.0,1.19,0.09
,,
5058.0,0.8036,0.131
6536.0,2.201,0.19
5649.0,1.8,0.04
5479.0,0.922,-0.064
4799.0,1.818,0.56
5576.0,0.821,
5894.0,0.9,
5783.0,0.86,-0.34
6093.0,1.612,
3420.0,0.36,-0.1
3903.0,0.523,-0.2
5683.0,2.1,0.223
4722.0,0.718,0.07
5817.0,0.87,-0.14
6018.0,1.52,0.09
,0.843,
5772.0,0.901,0.0
5440.0,1.0,-0.1
6137.0,0.994,-0.12
5508.0,0.887,
5779.0,0.9,
4650.0,0.701,-0.29
3797.0,0.48,-0.1
6108.0,1.03,0.07
5945.0,1.24,0.22
4797.0,0.73,
4808.0,1.209,0.1
5260.0,0.774,
6452.0,1.195,0.0
4958.0,0.754,0.13
5724.0,0.862,-0.4
5440.0,0.796,0.04
5897.0,1.139,-0.03
6213.0,1.28,0.04
3022.0,0.242745,
6067.8,1.35,
5072.0,0.774,0.07
5058.0,0.831,
5815.0,0.954,-0.3
5455.0,0.852,-0.34
3939.0,0.557,-0.04
5693.0,0.802,-0.3
5406.0,0.879,0.2
6284.0,1.957,0.13
5788.0,0.848,-0.34
3578.0,0.43,-0.03
6122.0,0.996,-0.1
3042.0,0.197117,
4860.0,0.885702,
4509.0,0.602,
5262.0,0.885,
5599.0,0.84,0.06
4757.3,0.76,
5568.0,1.08,0.22
5993.0,0.986,0.07
6688.0,1.741,
5950.0,1.1,
5555.7,0.920435,
5057.0,0.704,-0.44
5163.0,0.79,-0.02
4935.0,0.734,
6072.0,1.09774,
6605.0,1.33,
5334.0,0.796,-0.02
5865.0,1.388,0.0
5475.0,0.818,-0.46
5966.0,0.92,
5328.0,0.865,0.32
5788.0,2.03,0.22
6299.0,1.167,0.21
5177.0,0.8,-0.02
3903.0,0.523,-0.2
3916.0,0.567866,
5735.0,1.099,0.02
5654.0,0.95,0.03
4390.0,0.617,-0.127
5914.0,1.141,0.32
4476.0,0.69,
4336.0,0.668693,
6528.0,1.155,-0.16
5537.0,1.714,-0.2
5435.0,0.873,-0.02
,0.918,
5566.0,0.904,
6274.0,1.47,0.03
5420.0,0.906,-0.003
6201.0,0.989,-0.2
5526.0,1.085,
5717.0,0.864,-0.08
6400.0,1.44,0.0
4402.0,0.7,
5627.0,1.056,-0.15
5801.0,1.0162,0.019
5692.0,1.064,0.04
5496.0,0.995,0.06
5956.0,1.251,
5375.0,0.876,0.3
6292.0,1.05,
5769.0,0.98,-0.04
5730.0,1.056,0.16
5541.0,0.85,-0.13
,1.6,
5052.0,0.75,-0.02
5557.0,0.781,-0.3
6187.0,1.034,-0.26
6059.0,1.13,0.16
4120.0,0.68,0.24
5973.0,0.976,-0.06
6343.0,1.137,0.07
5496.0,0.95,0.06
,0.785,
6053.0,1.277,-0.1
5263.0,0.807,-0.037
5424.0,0.77,
5710.0,1.008,
5875.0,1.236,0.04
,,
5725.0,1.088,-0.08
6142.0,1.454,
5359.0,1.041,0.399
5420.0,0.871,-0.06
6303.0,1.06,-0.24
5465.0,0.925,0.02
5426.0,1.421,0.16
5539.0,0.86,-0.15
5107.0,0.768,
5434.0,0.87,0.01
5989.0,1.131,-0.16
5544.0,0.841,
5208.0,0.755,-0.32
4894.0,0.701,-0.22
5492.0,0.812,-0.08
5982.0,0.96,-0.04
5958.0,1.17925,-0.199
5754.0,0.96,0.2
6119.0,1.119,-0.1
5800.0,1.012,-0.08
5447.0,0.85,
4499.0,0.66,0.15
6038.0,0.922,-0.22
5018.0,0.676,
3972.0,0.565,-0.1
6354.0,1.09,
5383.0,0.87,0.1
5726.0,0.937,0.12
4090.0,0.571,-0.18
5308.0,0.796,0.02
5249.0,0.73,
6013.5,2.21327,
5438.0,0.82,0.02
4385.0,0.706,0.38
4910.0,0.785,
3688.0,0.473,0.0
5806.0,1.01,0.03
3384.0,0.34388,
5443.0,0.863922,
4158.0,0.63,
5650.0,1.341,0.02
5515.0,0.925,0.0
5476.0,0.856,0.18
5106.0,0.787,0.13
5786.0,1.044,
4991.0,1.636,0.42
6247.0,0.954,-0.34
5552.0,0.833,-0.08
6763.0,1.424,-0.32
6110.0,1.109,-0.02
,0.802,
5767.0,1.09,
5065.0,0.748,-0.12
5315.91,0.848099,
4580.0,0.675,0.08
3806.0,0.533024,
6057.0,0.95,
6197.0,2.188,-0.32
5350.0,0.86,0.06
5717.0,0.884,0.0
5274.0,0.762,-0.14
3457.0,0.411,0.12
5825.0,1.003,-0.22
6050.0,0.95,
6314.0,1.07,
6325.0,1.361,0.01
5102.0,0.837,0.1
5857.0,1.02,0.02
3497.0,0.232,
4914.0,0.719,0.02
5217.0,0.758,
6308.0,1.153,-0.08
5794.0,1.225,0.07
6063.0,1.001,-0.02
6495.0,1.168,-0.1
3761.0,0.46,-0.21
5330.0,0.718,-0.4
5348.0,0.787,
5881.0,1.029,-0.16
6093.0,1.025,-0.12
5982.9,1.67987,
5973.0,0.96,
,,
6117.0,1.53,0.25
5568.0,1.034,0.06
5559.0,0.881,
4320.0,0.566,
5328.0,0.78,-0.1
4458.0,0.658,-0.16
6324.0,1.147,-0.1
3919.0,0.526,-0.42
5280.0,0.794,0.04
5822.0,0.92,
6337.0,2.02,0.04
5527.0,0.927,0.16
5331.0,0.751,
5570.0,0.899,-0.18
5017.0,0.885,0.25
4660.0,0.72,
5626.0,2.057,0.36
6225.0,1.451,-0.04
,1.19,
4065.0,0.597,0.05
6212.0,1.242,
5032.0,0.77,
5504.0,0.798,
5731.0,1.19,-0.24
5228.0,0.755,-0.14
5354.0,0.788,-0.08
5934.0,1.064,-0.02
5549.0,0.816,-0.32
6003.0,1.109,-0.38
4925.0,0.64,-0.37
5076.0,0.727,-0.16
4869.0,0.77,-0.09
5558.0,0.966,-0.116
4059.0,0.61,
5742.0,1.018,0.1
5400.0,0.801,-0.06
6058.0,1.409,0.207
6225.0,1.37,0.24
5902.0,0.989,-0.1
5075.0,0.79,0.26
5202.0,0.811,0.14
5610.0,1.104,-0.04
4939.0,0.759,0.17
6453.0,1.31,
3894.0,0.5,-0.28
5959.0,0.951,
5183.0,0.852,0.107
5829.42,0.985134,
4797.0,0.653,-0.46
3582.0,0.526,
5190.0,0.831,
5504.0,1.163,0.326
4628.0,0.661,-0.2
5261.0,0.86,0.04
5354.0,0.82,-0.08
5403.0,0.86,0.01
5755.0,1.361,-0.52
5033.0,0.76,-0.1
5229.0,0.877,0.07
5830.0,0.876,-0.14
5393.0,0.84,
6100.0,1.11,
3708.0,0.55,0.35
5514.0,1.043,0.02
5512.0,1.69,
6321.0,1.25,
5692.0,0.8,-0.44
6158.0,1.236,
6299.0,1.167,0.21
,,
6086.0,1.227,-0.1
5583.0,1.007,0.02
5754.0,1.537,-0.4
4840.0,4.23,0.2
3682.0,0.44,-0.11
5482.0,0.87,0.09
6075.0,0.858,-0.46
5508.0,0.88,0.11
6495.0,1.14,
6277.0,2.741,-0.06
5295.0,0.821,-0.24
5541.0,1.617,-0.29
5348.0,0.94,-0.15
5644.0,0.806,-0.24
5841.0,1.235,0.12
5662.0,1.922,-0.38
6098.0,1.16,-0.01
6284.0,2.069,
6081.0,1.459,0.02
6025.0,1.38,0.1
6098.0,1.297,-0.02
5231.0,0.83,
5492.0,0.828,
,0.561,
6086.0,0.97,
4462.0,0.71,-0.28
5598.0,1.063,-0.12
5476.0,0.87,-0.03
6052.0,1.028,-0.12
4530.0,0.657,-0.1
6599.0,1.27146,
5934.0,1.055,-0.3
4465.0,0.7,
3416.0,0.455,0.02
5900.0,1.694,0.0
5957.0,0.937,-0.08
6063.0,1.012,0.07
5949.0,0.937,-0.1
3697.0,0.29,-0.059
5519.0,0.81,-0.27
6069.0,1.19,
6002.0,1.06,
5296.0,0.808,-0.1
5460.0,0.89,0.08
5896.0,0.916,-0.08
5896.0,1.279,
5700.0,1.058,-0.21
5779.0,0.88,
4569.0,0.653,-0.28
5577.0,0.882,
5717.0,0.884,0.0
5570.0,1.548,0.16
5541.0,0.823,
5498.0,0.95,0.18
5071.0,0.811,-0.02
5945.0,1.099,-0.34
5483.0,0.833,0.1
5988.0,1.314,0.34
5735.0,0.833,-0.22
5934.0,1.46,0.09
5949.0,0.937,-0.1
6023.0,1.32944,
5817.0,0.96,
4856.0,0.705,0.0
6217.0,0.989,-0.22
4397.0,0.577,-0.58
6250.0,2.66,
5739.0,1.027,
5832.0,1.413,
6000.0,1.14,0.08
5722.0,0.835,-0.2
6779.2,1.49114,
3688.0,0.463,-0.1
5451.0,0.897,0.16
6108.0,1.03,0.07
5051.0,0.721,-0.36
5565.0,1.246,0.32
5955.0,0.91,-0.16
5188.0,0.973,0.32
5723.0,0.85,
5583.0,0.79,-0.26
5982.0,0.879,-0.28
6344.0,1.383,0.02
5058.0,0.75,
6218.0,1.077,-0.04
5432.0,0.913,-0.16
,0.702,
5943.0,1.555,
6293.0,1.36,
6012.0,1.048,
5630.0,1.13,0.14
6411.0,1.43,
6163.0,1.193,0.1
6457.0,1.196,-0.06
4920.0,0.72,0.07
6692.0,1.351,-0.14
5690.0,0.957,
,0.843,
5009.0,0.84,0.16
4213.0,0.675,-0.098
5106.0,0.803,-0.08
4421.98,0.634754,
5017.0,1.71,0.2
5961.0,1.093,-0.25
5738.0,0.94,-0.33
5759.0,1.916,-0.6
4174.0,0.62,-0.58
5966.0,0.92,
5934.0,0.91,
4072.0,0.57,-0.17
5663.5,1.57294,
5324.0,0.791,-0.04
5620.0,0.974,-0.32
5754.0,1.687,0.1
5685.0,1.06,
5835.0,1.86,0.1
5890.0,1.608,0.1
5315.0,0.79,
6225.0,1.009,-0.18
5805.0,0.936,-0.03
5482.0,0.873283,0.09
4655.0,0.635,
4671.0,0.68,0.0
5282.0,0.81,-0.07
4973.0,0.773,0.17
5470.0,0.849,-0.17
5772.0,1.1,0.25
5870.0,1.1,0.05
5714.0,1.17,-0.05
5002.0,0.753,-0.18
3459.0,0.421,-0.07
3309.0,0.36645,
6150.0,0.851,-0.5
5750.0,1.287,0.27
5637.0,0.943,-0.3
4978.0,0.808,0.07
5835.0,0.847,-0.24
5640.0,0.92,0.0
5383.0,0.759,-0.22
6763.0,1.424,-0.32
5573.0,0.982,0.16
5918.0,1.068,-0.22
6224.0,1.699,
3790.0,0.594,0.42
5747.0,0.95,-0.04
5378.0,0.748,
5241.0,0.81,-0.01
5837.0,1.02,0.06
5651.0,1.102,0.3
5780.0,1.0,
5448.0,0.883,0.0
5630.0,1.23824,
5200.0,0.81,0.18
4883.0,1.667,0.56
5749.0,1.33066,
6028.0,0.844,-0.54
,0.664,
6072.0,1.659,-0.09
5216.0,0.79,0.06
4660.0,0.71,0.07
4994.0,0.726,
6495.0,1.168,-0.1
,,
4491.0,0.682,-0.01
5245.0,0.77,
5878.0,0.89,
5328.0,0.78,-0.1
6019.0,1.34,0.43
6398.0,1.101,-0.14
3173.0,0.1965,-0.13
5294.0,0.74,
5821.0,1.21,0.1
5593.0,1.11,0.17
5570.0,0.899,-0.18
5831.0,1.119,0.06
6338.0,0.847,-0.8
6363.0,1.012,-0.32
5982.0,1.109202,0.16
5614.0,0.827,-0.14
5576.0,0.852,0.02
5095.0,0.771,-0.2
5754.0,1.0504,0.03
6377.0,1.116,
5039.0,0.77,-0.02
5052.0,0.855,0.16
6184.0,1.066,
5106.0,0.795,
5831.0,1.238,0.1
5622.14,1.03315,
3214.0,0.288,0.26
4126.0,0.615,0.04
5408.25,0.850041,
6100.0,0.963,-0.36
6548.0,1.57323,-0.07
5751.0,0.943,0.1
6028.0,1.022,-0.14
5763.0,1.086,0.05
5949.0,1.224,
5700.0,0.9,
5529.0,0.832,-0.2
4929.0,0.861,0.36
5922.0,1.196219,0.05
5173.0,0.803,0.21
5659.0,1.619,0.29
5685.0,1.06,
5296.0,0.846,0.17
5725.0,0.913,0.0
6031.0,1.169,
5924.0,1.194,
6606.0,1.437,
6173.0,1.041,-0.04
5195.0,0.699,-0.36
5194.0,0.73,
8720.0,1.565,-0.29
6042.0,1.574,-0.22
5970.0,1.2,0.1
5313.0,1.501,0.12
5447.0,0.93,
5873.0,1.16,
5272.71,0.88,
3579.0,0.33,-0.4
4528.0,0.624,-0.3
3748.0,0.539,
5402.0,0.865,-0.24
5550.0,0.831,-0.06
4175.0,0.45,
5845.0,0.972,
4300.0,0.715,0.376
6331.0,1.38,
5752.0,1.055,0.01
6215.0,0.957,-0.3
6486.0,1.485,-0.34
6144.0,1.106,-0.06
6823.0,1.377,-0.1
6285.0,1.039,-0.18
4955.0,0.721,-0.1
5078.0,0.797,0.17
5099.0,0.7,
6131.0,1.024,-0.04
6014.0,1.021,-0.04
5685.0,1.03,0.12
6486.0,1.485,-0.34
6287.0,1.423,0.22
5673.0,0.76,
4752.0,0.758,0.019
,1.037,
5105.0,0.868,0.14
5888.0,1.961,0.21
5739.0,1.02607,
5588.0,0.796,-0.3
5819.0,1.462,
6088.0,1.211,-0.09
5154.0,0.798,0.21
5626.0,0.824,-0.16
5800.0,1.149,0.14
5294.0,1.33417,
5853.0,1.12,0.08
4970.0,1.32,
5303.0,0.708,-0.38
3654.0,0.55,
4329.0,0.67,
5756.0,0.892,0.13
5520.0,1.04,0.385
5928.0,1.08,0.04
5717.0,0.864,-0.08
5616.0,1.045,0.2
6210.0,1.32,0.01
6393.0,1.43,
5692.29,1.73709,
5576.0,1.047,
4911.0,0.724,-0.22
6201.0,1.31,-0.14
5567.93,1.00188,
5143.0,0.84,-0.28
6715.0,2.49897,
6210.0,1.32,0.01
6210.0,1.033,-0.1
5417.0,0.772,-0.32
4884.0,0.74413,
6180.0,1.35,-0.02
5655.0,0.845,-0.2
6126.0,1.021,-0.04
6146.0,1.18,-0.02
6113.0,1.32,0.06
5635.0,1.452,0.14
5380.0,0.785,-0.2
5112.0,0.874,-0.28
5759.0,1.507,-0.03
5800.0,1.35,0.15
5665.0,1.095,0.48
5870.0,1.02,-0.06
3724.0,0.414,-0.4
3893.0,0.503,
5359.0,0.83,-0.04
5479.0,1.007,
5888.0,0.958,
5668.0,0.785,-0.36
5853.0,0.89,
6263.0,1.05,
3640.0,0.724,
6122.0,0.964,-0.18
5257.0,0.874,-0.02
6215.0,1.052,-0.06
5568.0,0.883,-0.04
5672.0,1.204,0.2
5409.0,0.746,-0.3
4821.0,0.788,0.16
6072.0,1.047,-0.08
5691.0,1.073,0.013
,0.816,
5834.0,1.471,
4655.0,0.69,-0.07
5756.0,0.97,0.0
5706.0,1.18,
6065.0,1.061,0.21
5150.0,0.757,
6059.0,0.96,
5476.0,1.144,0.37
6321.0,1.06,
5666.0,0.677,-0.86
5578.0,0.83,
5393.0,0.81,-0.17
5234.0,0.75,
5951.0,1.262,0.14
5488.0,0.9,
5924.0,1.34757,-0.22
5766.0,0.853,-0.32
5578.0,0.9,-0.03
6488.0,1.66,-0.04
,1.115,
6178.0,0.988,-0.2
,,
6210.0,1.338,0.37
5849.0,0.919,-0.02
6224.0,0.969,-0.72
5568.0,1.07,0.22
5296.0,0.852,0.3
5886.0,1.487,0.13
6000.0,1.126,0.06
5772.0,0.901,0.0
6106.0,1.359,0.33
5808.0,1.011,-0.03
2566.0,0.1192,
5195.0,0.69,-0.56
2559.0,0.117,0.04
5222.0,0.86,
5055.0,0.731,
5552.0,1.137,0.38
4523.0,0.643,-0.18
5208.0,0.8,-0.05
5477.0,0.840608,
5755.0,0.993,-0.14
5192.0,0.802,0.16
5712.0,0.899,
5002.0,2.83,
,0.61,
5628.0,0.911,-0.22
5836.0,0.88,
7222.0,2.23,
5559.0,0.93,0.06
5760.0,1.05,0.11
5109.0,1.671,0.1
5853.0,0.895,-0.1
,0.114827,
5787.0,0.851,-0.18
3903.0,0.523,-0.2
5982.0,0.96,-0.04
4790.0,0.729,0.08
5071.0,0.77,
4628.53,0.71,
5273.0,0.831,0.18
6501.0,1.854,0.1
6220.0,1.409,
6048.0,1.13,0.0
6277.0,1.18,
3420.0,0.36,-0.1
4505.0,0.658,-0.2
4061.0,0.524,
6018.0,0.975,-0.04
5766.0,0.928,-0.15
3983.0,0.54,-0.2
6181.0,1.57,
4246.8,0.758892,
5815.0,0.9,
5776.0,0.942,-0.14
4040.0,0.57,-0.14
5739.0,1.384,0.3
5835.0,0.847,-0.24
6272.0,1.386,
5420.0,0.92,0.033
4196.0,0.545,
5543.0,0.813,-0.14
5681.0,1.29,0.37
4908.0,0.769,-0.13
6522.0,1.215,-0.22
5415.89,0.827372,
5357.0,0.863,0.0
,1.181,
4953.0,0.726,
5866.0,1.01,-0.05
5310.0,0.786,-0.08
,0.877,
3748.0,0.539,
5907.0,0.973,-0.16
4963.0,0.69,-0.42
5030.0,0.722,
5368.0,0.697439,
5064.0,0.864,0.18
5133.0,0.78,
5674.0,1.381,
5922.0,1.057,-0.28
6616.0,1.298,0.07
6096.0,1.2,0.07
5431.0,0.843,0.12
5257.0,0.86,0.17
5186.0,0.74,
6060.0,1.48,0.22
,0.284,
6065.0,1.877,0.0
4650.0,0.706,-0.04
5761.0,1.518,0.06
4800.0,0.79,0.11
3907.0,0.613,
4979.0,0.803,0.16
5775.0,1.114,-0.34
5955.0,1.05,-0.04
6163.0,1.406,-0.06
5295.0,0.83,0.03
5296.0,0.808,-0.1
5083.0,0.785,
5933.0,0.861,-0.28
6427.0,1.03,
5941.0,1.437,-0.08
3554.0,0.398,-0.04
,,
5159.0,0.8,-0.16
4859.0,0.699,0.11
5502.0,1.063,
4526.0,0.606,
3733.0,0.51,0.07
5485.0,0.914,0.03
5271.39,0.997091,
6126.0,1.186,-0.28
6152.0,1.568,
5182.0,0.82,
4018.0,0.517,
5585.0,0.91,-0.38
4891.0,0.805,0.16
5509.0,0.889069,0.07
5905.0,1.188,
5900.0,1.74,0.05
6207.0,1.19,-0.04
,0.894,
5641.0,0.831,-0.16
5913.0,1.22,0.03
5883.0,1.005,0.06
5778.0,1.332,0.4
,0.592,
5827.0,0.999,-0.08
5073.0,0.831915,
5744.0,1.0,0.25
5519.0,1.223,
5140.0,0.775,-0.22
5782.0,0.822,-0.3
5542.0,0.91,
5914.0,1.141,0.32
5730.0,1.32,0.15
5224.0,0.726,-0.11
5165.0,0.907,0.22
5691.0,1.092,
5253.0,0.834,
5170.0,0.823,0.04
3733.0,0.51,0.07
5720.0,2.024,0.24
,,
,1.046,
3100.0,0.204,-0.26
6075.0,0.858,-0.46
4791.0,0.742,0.07
5770.0,1.641,
6213.0,1.465,0.17
5427.0,0.929,0.16
6935.0,2.35,-0.34
5788.0,1.088,0.14
5313.0,1.501,0.12
6063.0,1.012,0.07
6350.0,1.974,-0.08
5296.0,0.82,-0.02
3696.0,0.563,
5144.0,0.8,0.04
6449.0,1.241,0.21
5443.0,0.738,-0.38
,1.156,
5205.0,0.8,-0.06
5708.0,0.85,
4348.35,0.6694,
5812.0,1.01,-0.1
5822.0,0.986,-0.1
5844.0,0.991,
5194.0,0.769,
4031.0,0.523,
5669.0,0.83,
4693.0,0.725,-0.56
5792.0,0.819,-0.32
4594.08,0.756095,
5150.0,1.78,0.15
5860.0,1.04,0.06
6125.0,1.394,
6327.0,1.296,-0.311
5608.0,0.963,0.26
5915.0,1.115,-0.12
4243.0,0.552,
5133.0,0.737,-0.12
6298.0,1.628,
5991.0,1.629,
3811.0,0.544,
7717.0,2.641,0.07
5225.0,0.779,0.08
5866.0,1.459,
6145.0,1.12,
5969.0,1.674,0.29
4141.0,0.582,-0.2
5644.0,0.969,0.14
4601.0,0.67,
4773.0,0.689,
5932.0,1.399,
5540.0,0.97,
5121.0,0.762,-0.26
5113.0,0.764,
5748.0,0.981614,-0.11
5112.0,0.726,-0.2
5714.0,1.58,
6083.0,1.17,0.03
,,
,,
5636.0,0.93,0.04
5774.0,0.958,-0.1
5730.0,1.341,0.15
5632.0,0.857,-0.02
5625.0,0.902,0.0
5014.0,0.76,-0.05
4321.0,0.546,
5550.0,0.878,0.12
5785.0,0.974,-0.03
5817.0,2.153,0.18
,,
5956.0,0.92,
5695.0,0.95,
5447.0,0.88,
5565.0,1.006,-0.06
5716.0,1.344,-0.16
3459.09,0.36001,
6160.0,2.333,0.065
,0.638,
5865.0,1.04,
3446.0,0.326932,
5888.0,0.944,0.02
6067.0,1.461,
4597.0,0.7,0.11
6164.0,1.09,-0.12
5315.91,0.848099,
5520.0,0.853,0.12
5859.0,1.08854,
3893.47,0.655766,
5777.0,1.221,
5626.0,1.067,0.44
5233.0,0.835,0.18
5605.0,1.016,0.25
4693.0,0.732,
5487.0,0.832,0.0
4931.0,3.14,
5822.0,0.986,-0.1
,,
5936.5,1.59,
5330.0,1.013,0.18
5844.0,1.016,0.156
5576.0,0.829,-0.36
5806.0,0.899,-0.04
6319.0,1.016,
4002.0,0.57,-0.06
7221.0,4.24,-0.18
5590.0,0.86,
5321.0,0.854,-0.45
5698.0,0.969,
5188.0,0.81,0.01
3712.0,0.46,-0.11
6051.0,1.134,0.04
3131.0,0.215535,
4368.0,0.573,
6352.0,1.36,
5739.0,1.069,0.14
4591.0,0.709,0.0
6692.0,1.351,-0.14
6029.0,0.865,-0.4
4954.0,0.828,0.18
5677.0,0.84,
3803.0,0.492,
5622.0,0.93,
5448.0,0.872,0.07
3591.0,0.471,
5532.0,0.89,-0.04
5440.0,0.885,-0.24
6283.0,0.984,-0.3
4920.0,0.906655,
5902.0,0.989,-0.1
5783.0,0.939,0.0
5784.0,0.961,-0.038
6124.0,1.254,0.016
4883.0,2.69,0.16
5476.0,1.673,-0.56
5951.0,1.4,0.19
5936.0,1.345,0.2
4935.0,0.719,
6004.0,0.977,-0.02
6330.0,1.07,
,1.146,
6432.0,1.345,-0.34
5734.0,0.766,-0.48
5618.0,0.897,-0.22
6522.0,1.215,-0.22
5132.0,0.79,-0.01
5908.0,1.0311,0.11
5855.0,1.069,-0.2
5570.3,1.77738,
5251.0,0.87,0.256
6201.0,0.989,-0.2
3395.0,0.283,-0.12
5555.7,0.920435,
4989.0,0.791,0.3
5361.0,0.799,-0.04
5305.0,1.449,0.24
6522.0,1.528,-0.54
5237.0,0.826,0.24
6114.0,1.682578,-0.15
5328.0,0.74,-0.4
4883.0,1.667,0.56
5045.0,0.753,-0.04
5829.0,1.017,
6001.0,1.035,
5600.0,0.890774,
6211.0,1.41,0.17
5951.0,1.693,-0.08
5310.0,0.8,0.2
4944.0,0.745987,-0.03
6596.04,1.46,
5701.0,0.932,-0.04
6008.0,1.003,-0.14
5717.0,0.884,0.0
5516.0,0.841,0.14
6456.0,1.075,-0.54
6225.0,1.584,0.0
3187.0,0.217,
5659.0,1.835,
5169.0,0.808,0.059
3185.0,0.319,0.0
3187.0,0.2,0.1
5120.0,0.716,-0.24
4605.0,6.384,
4960.0,0.83,0.37
5914.0,0.955,-0.06
6045.0,1.73,
6037.0,1.1,0.08
5880.0,1.152,-0.09
5900.0,0.9,
5249.0,0.73,
5447.0,0.93,
6091.0,0.967,-0.14
3633.0,0.547453,
5660.0,1.145,
7700.0,2.3,-0.01
5501.0,0.873196,
3937.0,0.52,-0.27
5788.0,1.015,0.16
5334.0,0.71,-0.44
5446.0,0.72,-0.46
5722.0,1.213,
3698.0,0.571,
3878.0,0.51,-0.2
5340.0,0.97,0.45
4486.0,0.460589,-0.21
4486.0,0.460589,-0.21
5925.0,1.233,-0.069
5668.0,0.99,0.43
,1.47,
5632.0,0.857,-0.02
5187.0,0.79,
5880.0,1.105,0.15
6200.0,1.834,0.14
5744.0,1.14,
5835.0,1.103,
5914.0,1.141,0.32
5682.0,0.9,
5120.0,0.716,-0.24
5423.0,1.119,0.24
6350.0,1.4,0.1
5375.0,0.817705,
5081.0,0.815,
5078.0,0.74,-0.14
4699.0,0.668,
5650.0,0.96,-0.01
2949.0,0.21,
5864.0,0.842,-0.28
3920.0,0.55,-0.07
4427.0,0.68,-0.36
3740.0,0.48,-0.08
5888.0,1.019,0.1
6322.0,1.34,0.11
4648.0,0.674,
5691.0,1.078,0.06
4993.0,0.797,
6032.0,0.929,-0.18
5804.0,1.105,0.003
5751.0,1.071,0.21
5783.0,1.32,
3360.0,0.382,0.09
6570.0,1.66,0.06
5854.0,1.447,0.321
5330.0,0.923,0.06
5349.0,0.82,-0.12
5356.0,0.88,
6110.0,1.109,-0.02
5919.0,1.171,0.18
5749.0,0.978,-0.08
6098.0,1.297,-0.02
5908.0,1.499,
5242.0,0.722,-0.54
5650.0,0.87,0.02
5480.0,0.878,
5063.0,0.8441,-0.065
5413.0,0.759,-0.28
4946.0,0.8,
6245.0,0.981,-0.3
5382.4,0.93,
5559.0,0.881,
5318.0,1.08492,
5108.0,1.726,-0.02
5129.0,0.754,-0.2
5542.0,1.664,0.247
5451.0,0.839,-0.12
6400.0,1.222,0.0
4652.87,0.7,
5753.0,1.222,-0.28
4938.0,1.221,
5982.0,0.96,-0.04
6461.0,1.19,-0.12
,1.28,
6095.0,1.0,
5300.0,,
5765.0,0.93,-0.39
4648.0,0.594,
5692.0,0.8,-0.44
5611.0,1.791,0.02
5464.0,0.836,
5616.0,1.111,0.14
7650.0,1.71,0.2
6225.0,1.58,0.03
5275.0,0.978,0.2
4722.0,0.527,-1.38
4789.0,0.649,
3500.0,0.465777,
6466.0,1.496,-0.004
5752.0,1.003,
5328.0,0.81,-0.14
6167.0,1.064,0.07
5990.0,0.93,
3292.0,0.148,-0.42
6043.0,1.72,
4673.0,0.72,0.12
4713.98,0.750341,
6046.76,1.25619,
4693.0,0.725,-0.56
5980.0,1.11,0.05
5222.0,0.8,-0.04
4827.0,0.729,0.14
6021.0,1.458,-0.34
5555.0,0.872,-0.4
5708.0,1.065,-0.15
5078.0,0.806,
6024.0,1.009,-0.88
5611.0,1.134,0.439
5363.0,0.852,
3163.0,0.1966,
5794.0,1.496,0.14
6638.0,1.352,
3756.0,0.562607,
5880.0,1.57,0.03
5192.0,1.593,0.14
6056.0,1.498,0.36
6106.0,1.656,0.1
6422.0,1.173,-0.06
5708.0,1.12,
5609.0,0.91,-0.01
5591.0,0.86,0.07
5722.0,0.95,-0.03
5168.0,0.769,-0.12
5542.0,1.02,0.31
6150.0,1.0,
3761.0,0.513,
5638.0,0.903,0.14
5777.0,1.09,
5883.0,1.074,-0.16
4780.0,0.703,0.24
3375.0,0.37,
3065.0,0.2019,-0.09
5886.0,1.42,0.2
5591.0,0.86,0.07
5609.0,0.9662,
5691.0,1.078,0.06
6347.0,1.373,-0.32
5974.0,0.881,-0.42
3472.0,0.45,0.19
3696.0,0.482,
5664.0,0.83,
4962.0,0.709,
5884.0,1.02,-0.07
6098.0,0.97,
5676.0,1.234,0.01
6280.0,1.59,0.01
4954.0,0.885,0.44
5770.0,0.968,0.07
6602.0,1.685,-0.12
,2.07,
5949.0,1.224,
5036.0,0.834,
5345.0,0.84,0.01
5655.0,0.922487,-0.15
,0.583,
5945.0,1.163,-0.4
5477.0,0.865,0.21
4912.0,4.063,0.4
5798.0,0.999,-0.16
5368.0,0.84,
5228.0,0.736,
5712.0,1.636,
4070.0,0.51,-0.53
5831.0,0.921,0.0
3611.0,0.492759,
5854.0,1.63,
5704.0,0.804,-0.3
4883.0,1.667,0.56
6104.0,1.23,-0.2
4976.0,4.157,-0.04
5878.0,1.02573,
5583.0,1.007,0.02
5864.0,1.23,0.1
5240.0,0.97,0.33
5656.0,0.94,0.18
5185.0,0.837,-0.06
3551.0,0.374358,
5182.0,0.861,0.18
6010.0,1.037,-0.16
4362.0,0.554,-0.5
5990.0,1.0,0.05
,0.658,
5814.0,0.92,
6292.0,1.276,0.16
5753.0,0.98,-0.01
5442.0,0.974,0.1
6653.0,1.356,
4027.0,0.6,0.06
4234.0,0.639,-0.02
5795.0,0.919,-0.02
5561.0,0.836,-0.06
5638.0,1.153,0.32
5877.0,0.975,0.07
5250.0,0.875,
5176.0,0.755,0.06
4962.0,0.773,0.166
5388.0,0.717,-0.7
6077.0,1.15,0.02
5722.0,1.213,
5665.0,1.095,0.48
5262.0,0.761,-0.14
6188.0,1.01,
5993.0,0.986,0.07
6177.0,1.262,
6333.0,1.462,
6053.0,1.188,-0.18
4907.0,0.739,0.04
4188.0,0.681,
5913.0,1.0,
5485.0,0.87,-0.03
3600.0,0.503,
6001.0,1.14,-0.02
5904.0,1.82,
5614.0,0.89,-0.08
5864.0,1.065,-0.24
5296.0,0.852,0.3
5734.0,0.883,-0.02
6046.0,0.972,-0.08
5018.0,0.676,
6004.0,0.85,-0.48
5439.0,1.209,0.04
3816.0,0.51,-0.05
5730.0,1.006,0.18
3568.0,0.42,0.02
5106.0,0.78,-0.02
5922.0,1.07,
3805.0,0.497,-0.1
3219.0,0.347,0.27
5413.0,0.91,
5581.0,0.9,0.0
5700.0,2.15,0.0
5734.0,0.962,0.04
4583.0,0.694,
,0.45,
3844.0,0.546,-0.157
6060.0,0.953,-0.14
5315.0,0.87,0.0
5992.0,1.15,0.09
5931.0,0.91,
5738.0,0.85,
6214.0,1.126,0.108
5973.0,0.826,-0.46
6192.0,1.23,-0.46
5826.0,1.657,0.0
6363.0,1.43,
6065.0,1.006,-0.28
4090.0,0.528,
5388.0,0.717,-0.7
5900.0,0.929,-0.1
6260.0,1.36,0.09
5497.0,0.886,0.16
4894.0,0.684,-0.24
6185.0,0.991,-0.18
5513.0,0.935,
5835.0,0.99,0.12
6043.0,1.014,
5977.0,1.075,-0.1
5600.0,0.94,
3896.0,0.561,-0.32
5252.0,0.898,0.04
6290.0,1.18,-0.24
5466.0,0.897,0.27
6343.0,1.137,0.07
4081.0,0.527,
5653.0,0.94,0.15
5562.0,1.33,0.09
5296.0,0.852,0.3
5147.0,0.8,
5981.0,1.6,
5500.0,1.149,
3799.0,0.573,-0.01
6353.0,1.139,-0.14
6154.0,1.161,0.1
6028.0,1.022,-0.14
5720.0,2.024,0.24
3746.0,0.463205,
4316.0,0.651,-0.23
,0.468,
5897.0,0.891,-0.16
5638.0,0.903,0.14
5587.0,0.96,0.268
5950.0,,-0.3
9071.0,2.494,
5643.0,0.765,
3673.0,0.538736,
5884.0,1.127,-0.22
5741.0,0.833,-0.24
5506.0,0.98,
5511.0,0.911823,
5873.0,0.982,
5188.0,0.973,0.32
,0.276,
5498.0,0.95,0.18
3406.0,0.388,0.0
5346.0,0.933,0.33
5620.0,0.955708,
4768.0,0.627,
5561.0,1.06,0.16
,0.314,-0.29
4742.0,0.695,
3485.0,0.461,0.3
5616.0,1.066,
6028.0,1.215,
4817.0,0.73,0.05
5676.0,1.044,-0.12
5602.0,0.91,-0.06
3789.0,0.46,-0.34
6740.0,1.55,0.11
6210.0,1.033,-0.1
,0.841,
6071.0,1.41,0.1
4761.0,0.64,-0.4
6421.0,1.789,0.1
5900.0,1.08,-0.1
5879.0,1.24,
5555.0,0.872,-0.4
5017.0,0.753,0.02
5307.0,0.76,-0.18
,0.671,
5194.0,0.89,0.17
4511.0,0.65,0.0
4816.0,0.757,0.24
5439.0,0.734,
5657.0,0.855,-0.26
5959.0,0.92,
5703.0,1.048,0.16
6918.0,1.91,0.02
4935.0,0.719,
5887.0,1.029,0.08
4806.0,0.729,-0.1
5334.0,0.796,-0.02
5834.0,1.01733,
5106.0,0.78,0.03
3068.0,0.17,-0.33
5909.0,1.05,0.0
6085.0,1.005,-0.3
5485.0,0.867,0.21
6122.0,0.964,-0.18
5306.0,0.72,-0.5
5926.0,0.913,-0.12
6361.0,1.08,
5660.0,1.145,
5072.0,0.672,
5720.0,0.97,0.17
5743.0,1.21,0.42
5834.0,1.299,
4690.0,0.67,-0.16
5618.0,0.874,-0.18
6141.0,1.352,0.34
6269.0,1.155,0.21
3983.0,0.54,-0.2
5661.0,1.522,0.16
,0.872,
5034.0,0.68,
6429.0,1.5,0.09
6372.0,1.015,-0.32
6169.0,1.424,0.09
4730.0,0.69,-0.04
6180.0,1.236,0.337
4951.0,0.71,
6343.0,1.137,0.07
6284.0,1.99,
4868.0,0.736,0.03
5799.0,0.901,-0.42
6246.0,1.34,-0.22
5992.0,0.989,-0.32
5825.0,1.003,-0.22
5733.0,1.331,
5941.0,0.885,-0.22
5914.0,1.73,0.34
5592.0,0.953,0.16
5897.0,0.834,-0.34
5514.0,0.739,-0.42
6223.0,1.24,
5573.0,0.839,-0.04
6102.0,1.09,
3551.0,0.374358,
5763.0,1.086,0.05
5712.0,0.87,-0.1
6145.0,1.106,-0.06
6379.0,1.111,-0.3
5814.0,1.248,0.16
,0.785,
3903.0,0.523,-0.2
5722.0,1.185,0.07
5516.0,0.895,-0.2
4909.0,0.724,0.11
,1.082,
5594.0,1.053,
5741.0,0.956,0.16
5593.0,0.945,0.02
6122.0,1.93,
4974.0,3.52,0.205
5366.0,0.836616,-0.01
5825.0,1.003,-0.22
6030.0,2.07,0.14
6169.0,1.424,0.09
5796.0,1.781,
6200.0,1.816,0.14
5838.0,0.897,-0.08
5071.0,0.811,-0.02
5822.0,0.805,
5166.0,0.776,
7430.0,,0.1
4799.0,1.818,0.56
5905.0,0.9,
6432.0,1.3,-0.14
,1.25,
5511.0,0.72,-0.5
5812.0,1.238,
4723.0,0.765,0.16
3871.0,0.49,-0.31
5492.0,0.828,
5070.0,0.78,0.05
6340.0,1.393,-0.38
4528.0,0.624,-0.3
5080.0,1.0408,
5613.0,0.92,0.01
3568.0,0.42,0.02
6784.0,1.264,-0.46
4041.0,0.567,-0.14
5251.0,1.68,
5815.0,0.954,-0.3
5761.0,1.01,0.06
5807.0,0.922,0.07
4249.0,0.68,
5679.0,0.924,0.23
4554.0,0.66,-0.13
4938.0,0.842,0.26
5426.0,0.832,
5541.0,0.91,-0.02
6124.0,1.007,-0.34
6013.0,0.98,
4613.0,0.647,
6003.0,1.178,
,0.74,
5424.0,0.91,-0.03
3241.0,0.189,
4870.0,0.771,0.08
5681.0,0.889,0.13
6405.0,1.409,0.0
5909.0,1.23,
5937.0,1.291,0.1
5629.0,0.937,-0.16
4366.0,0.455,-1.46
5712.0,0.906367,-0.09
6044.0,1.077,-0.17
4356.47,0.744261,
5360.0,0.84,-0.03
6237.0,1.116,-0.08
4621.0,0.75,
3241.0,0.189,
5903.0,1.137,-0.16
6004.0,1.092,0.07
5131.0,0.855,0.03
5547.0,0.8717,-0.03
5936.0,0.965,0.07
5950.0,1.387,-0.02
5933.0,0.861,-0.28
6397.0,1.45,-0.04
3640.0,0.724,
5780.0,0.99,0.03
4900.0,0.741,0.08
5970.0,1.131,0.06
4999.0,0.73,
5460.0,0.893,0.08
4302.0,0.586,-0.44
5835.0,0.847,-0.24
5353.0,1.878,0.22
6224.0,1.083,-0.06
5305.0,0.818,-0.26
5582.0,0.85,-0.02
5162.0,0.797,0.17
4121.0,0.622,
5897.0,1.081,-0.1
6112.0,1.09,-0.03
3933.0,0.67,0.27
5717.0,0.864,-0.08
6251.0,1.119,-0.06
4786.0,0.704,-0.2
4768.0,0.779,0.18
6161.0,1.22,0.01
5814.0,0.881,-0.18
,1.35,-0.02
5523.0,0.94,0.15
6050.0,1.3842,0.34
6122.0,0.964,-0.18
6200.0,1.66,0.14
3231.0,0.213459,
5576.0,0.852,0.02
5316.0,0.915,0.16
5052.0,0.485,
5723.87,0.864173,
3307.0,0.326,0.14
5741.0,1.008,-0.38
3985.0,0.55,-0.26
6077.0,1.072,0.21
5444.0,0.88,
5665.0,0.93,-0.09
